0.001669
10.241747
20.569324
30.725002
40.951252
51.203012
61.483145
71.824789
82.169294
92.344761
102.455616
112.790108
123.091221
133.274794
143.615007
153.944969
164.347410
174.688101
184.982300
195.238829
205.572605
215.911388
226.255894
236.593485
246.940613
257.283926
267.624855
277.951002
288.357496
298.700094
308.999538
319.231749
329.576492
339.918137
350.261211
360.602379
370.945215
381.282568
391.624928
401.949883
412.358999
422.570705
432.912827
443.266153
453.608513
463.950872
474.298716
484.649420
494.956255
505.299330
515.642166
525.761127
535.896540
546.179533
556.517839
566.775084
577.071667
587.411880
597.747087
608.051062
618.389845
628.734589
639.033318
649.254560
659.593105
669.848442
680.183887
690.520525
700.855255
711.195946
721.534729
731.872797
742.208719
752.565861
762.771130
773.066044
783.406973
793.742895
803.956747
814.220428
824.482679
834.689617
844.941378
855.299711
865.658283
875.968933
886.320353
896.681786
906.950712
917.304277
927.476406
937.814713
948.153257
958.492041
968.827486
979.188681
989.536762
999.879599
1010.227919
1020.567179
1030.742168
1041.039467
1051.384687
1061.727762
1071.964741
1082.216978
1092.556715
1102.917433
1113.259077
1123.523474
1133.830309
1144.172430
1154.427767
1164.769650
1175.066233
1185.400724
1195.743084
1206.044436
1216.383696
1226.561785
1236.902475
1247.243881
1257.596493
1268.000603
1278.347969
1288.689137
1298.991442
1309.329987
1319.671392
1330.010653
1340.351582
1350.693226
1360.988855
1371.329546
1381.667376
1391.966105
1402.303934
1412.641525
1422.959328
1433.300734
1443.643808
1454.010248
1464.351416
1474.616051
1484.905958
1495.253325
1505.589962
1515.936852
1526.077747
1536.418438
1546.627522
1556.962729
1567.299128
1577.633619
1587.964058
1598.303080
1608.638287
1618.958235
1629.294157
1639.631987
1650.072336
1660.257101
1670.434952
1680.771351
1691.068172
1701.407671
1711.744308
1722.041845
1732.375145
1742.711782
1752.889872
1763.224363
1773.489714
1783.711672
1794.000149
1804.353237
1814.705610
1825.015068
1835.320950
1845.668316
1855.977535
1866.321087
1876.538038
1886.880159
1897.219658
1907.560587
1917.897701
1928.234816
1938.578129
1948.921204
1959.263802
1969.604015
1979.942560
1990.287542
2000.631571
2010.970592
2021.310568
2031.654596
2042.009354
2052.349567
2062.712908
2073.015451
2083.380461
2093.551636
2103.888988
2114.261627
2124.597549
2134.973764
2145.315886
2155.658960
2166.020870
2176.357508
2186.702967
2197.002649
2207.344055
2217.686415
2227.982759
2238.325357
2248.671532
2258.973360
2269.311905
2279.427528
2289.767027
2300.067425
2310.411215
2320.668697
2330.830336
2341.171503
2351.514578
2361.863136
2372.172594
2382.512569
2392.854691
2403.193474
2413.554907
2423.906565
2434.225798
2444.547176
2454.863548
2465.181589
2475.498915
2485.816956
2496.093273
2506.410360
2516.728401
2526.852846
2536.985397
2547.334671
2557.654619
2567.972183
2578.297138
2588.566780
2598.706007
2608.954430
2619.075537
