0.000210	0
0.003212	0
0.006357	0
0.010311	1
0.013262	1
0.016627	2
0.020548	2
0.023613	3
0.027161	4
0.030885	5
0.033912	6
0.038831	7
0.043064	8
0.046335	10
0.050317	11
0.053412	12
0.056890	14
0.060795	15
0.063911	16
0.067745	18
0.071028	19
0.074226	21
0.077982	22
0.081351	24
0.084412	25
0.089538	28
0.093273	30
0.096982	32
0.100862	33
0.103989	35
0.107904	37
0.111174	38
0.114208	40
0.117978	42
0.121221	44
0.124305	46
0.128094	48
0.131562	49
0.134782	51
0.139392	53
0.142523	55
0.146064	57
0.150413	60
0.154273	62
0.159313	64
0.163159	67
0.168158	70
0.172178	72
0.175383	74
0.179385	76
0.182423	77
0.185686	80
0.190639	82
0.193760	84
0.197735	86
0.201050	88
0.204163	90
0.207910	92
0.211151	94
0.214324	96
0.218050	98
0.221242	100
0.224326	102
0.228089	104
0.231361	106
0.234437	108
0.238611	110
0.242797	112
0.246209	114
0.250267	116
0.253371	118
0.256933	121
0.260790	122
0.263827	124
0.267721	127
0.271000	128
0.274059	130
0.277946	133
0.281189	134
0.284313	137
0.288951	140
0.292957	142
0.296336	144
0.300355	146
0.303448	148
0.307006	150
0.310869	152
0.313998	154
0.317918	156
0.321251	158
0.324324	160
0.328047	162
0.331348	164
0.334436	166
0.338808	169
0.342826	171
0.346217	173
0.350336	175
0.353641	177
0.357269	180
0.361012	182
0.364208	184
0.367946	186
0.371253	188
0.374344	190
0.378138	192
0.381637	194
0.384880	196
0.389458	198
0.393210	200
0.396965	203
0.400889	205
0.403958	207
0.407930	209
0.411247	211
0.414384	213
0.418591	216
0.422013	218
0.425308	220
0.429276	222
0.432384	223
0.435695	226
0.439744	228
0.443600	230
0.447248	233
0.450982	234
0.454062	236
0.457998	239
0.461306	240
0.464342	242
0.468530	245
0.471941	247
0.475210	249
0.479295	251
0.482484	253
0.486063	256
0.490375	258
0.494305	260
0.498585	262
0.501959	264
0.505243	266
0.509284	269
0.512330	270
0.515579	273
0.519747	275
0.522885	277
0.526256	279
0.530363	281
0.533654	283
0.537794	286
0.541268	288
0.545232	290
0.549356	292
0.552434	294
0.555859	296
0.559841	298
0.562996	300
0.566348	303
0.570426	305
0.573709	307
0.577716	310
0.581091	311
0.584274	313
0.588027	316
0.592223	318
0.597042	321
0.600885	323
0.603965	325
0.607917	327
0.611273	329
0.614416	331
0.618641	334
0.622067	336
0.625336	338
0.629420	340
0.632496	342
0.635915	344
0.640041	346
0.643128	348
0.647853	351
0.651192	352
0.654332	354
0.658088	357
0.661370	358
0.664458	360
0.668791	363
0.672376	365
0.675714	368
0.679802	370
0.683018	372
0.687272	374
0.691087	376
0.694210	379
0.699713	381
0.702954	383
0.706333	385
0.710375	388
0.713617	390
0.717263	392
0.721013	394
0.724219	396
0.727999	398
0.731281	400
0.734407	402
0.738741	404
0.742044	406
0.745303	409
0.750287	411
0.753575	413
0.757200	416
0.761044	417
0.764245	420
0.768001	422
0.771337	424
0.774434	426
0.778620	428
0.782013	430
0.785283	432
0.789310	435
0.793877	437
0.809073	446
0.817870	451
0.821216	453
0.827890	457
0.831170	458
0.835656	462
0.839809	464
0.842971	466
0.846251	468
0.850936	470
0.854037	472
0.857953	474
0.861247	476
0.864329	478
0.868616	481
0.871965	483
0.875207	485
0.886510	492
0.890613	494
0.895926	498
0.901228	500
0.904630	502
0.908964	504
0.912234	506
0.915334	508
0.919329	510
0.922435	512
0.925668	515
0.929739	517
0.932873	518
0.936239	521
0.940343	523
0.943571	525
0.947177	528
0.951741	530
0.954923	532
0.958979	534
0.962279	536
0.965594	538
0.969666	540
0.972831	542
0.976227	544
0.980306	546
0.983428	548
0.987020	551
0.990838	552
0.993900	554
0.997865	557
1.002352	559
1.005688	562
1.009757	564
1.012929	566
1.016293	568
1.020301	570
1.023318	572
1.026848	574
1.030822	576
1.033853	578
1.037923	580
1.041188	582
1.044323	584
1.048137	586
1.052202	589
1.055349	591
1.059329	593
1.062499	595
1.066053	598
1.070162	600
1.073295	601
1.076858	604
1.080793	606
1.083833	608
1.087800	610
1.092129	612
1.095348	615
1.099389	617
1.103071	619
1.107262	622
1.111151	624
1.114276	626
1.118069	628
1.121617	630
1.124614	632
1.128809	634
1.132171	636
1.135339	638
1.139326	640
1.142374	642
1.145615	644
1.150018	647
1.154346	649
1.158146	652
1.161627	654
1.164868	656
1.169017	658
1.172296	660
1.175559	662
1.179641	664
1.182802	666
1.186193	668
1.190281	670
1.193349	672
1.196969	674
1.201427	677
1.205592	680
1.210207	682
1.213257	684
1.216539	686
1.220567	688
1.223691	690
1.227789	692
1.231107	694
1.234213	696
1.237974	698
1.241281	700
1.244343	702
1.248115	704
1.251414	707
1.255315	709
1.259365	711
1.262547	713
1.266090	716
1.270271	718
1.273353	720
1.276949	722
1.280930	724
1.283979	726
1.287938	728
1.291315	730
1.294392	732
1.298844	734
1.302127	737
1.306342	739
1.310453	741
1.313735	743
1.317744	746
1.321055	748
1.324231	750
1.327972	752
1.331279	754
1.334360	756
1.338105	758
1.341441	760
1.344531	762
1.348742	764
1.352026	766
1.356246	768
1.360308	770
1.363374	772
1.366948	775
1.370777	777
1.373828	779
1.377748	781
1.381068	783
1.384206	785
1.387948	787
1.391245	789
1.394351	791
1.398565	793
1.402011	795
1.406212	798
1.410313	800
1.413921	802
1.417940	805
1.421185	806
1.424339	808
1.428046	811
1.431303	812
1.434412	814
1.438637	817
1.442068	819
1.445306	821
1.449350	823
1.452504	825
1.456805	828
1.460808	830
1.463914	832
1.467821	834
1.471082	836
1.474202	838
1.477950	840
1.481192	842
1.484344	844
1.488010	846
1.491239	848
1.494345	850
1.498827	852
1.502104	854
1.505336	857
1.510328	859
1.513569	862
1.517924	864
1.521213	865
1.524356	868
1.528093	870
1.531572	872
1.534787	874
1.538970	876
1.542192	878
1.545381	880
1.549331	882
1.552414	884
1.555694	886
1.560505	888
1.563715	890
1.567289	893
1.570964	894
1.574022	896
1.577919	899
1.581146	900
1.584229	903
1.587966	905
1.591205	906
1.594261	908
1.598043	911
1.601281	912
1.604392	914
1.609353	917
1.612546	919
1.616104	922
1.620556	924
1.623740	926
1.627724	928
1.631068	930
1.634200	932
1.637952	934
1.641269	936
1.644341	938
1.648118	940
1.651586	942
1.654752	944
1.659427	947
1.662446	948
1.665660	951
1.669747	953
1.672960	955
1.676314	957
1.680357	959
1.683607	962
1.688048	964
1.691304	966
1.694340	968
1.698567	970
1.703026	973
1.706336	976
1.711017	977
1.714211	980
1.718002	982
1.721822	984
1.725152	986
1.729251	988
1.732329	990
1.735583	992
1.739731	994
1.742935	996
1.746379	998
1.750319	1000
1.753422	1002
1.756982	1006
1.761661	1007
1.764898	1010
1.769015	1012
1.772269	1014
1.775602	1016
1.779651	1018
1.782859	1020
1.786262	1022
1.790313	1024
1.793425	1026
1.797028	1028
1.800953	1030
1.804007	1032
1.807958	1035
1.812024	1037
1.815297	1039
1.819361	1042
1.822955	1044
1.826329	1046
1.830343	1048
1.833466	1050
1.836998	1052
1.840885	1054
1.843963	1056
1.847901	1058
1.851238	1060
1.854326	1062
1.858074	1064
1.862197	1066
1.865370	1068
1.869308	1071
1.872352	1073
1.875614	1075
1.879750	1077
1.882935	1079
1.886262	1081
1.890373	1083
1.893641	1085
1.897740	1088
1.901071	1090
1.904217	1092
1.907927	1094
1.912011	1096
1.915261	1098
1.919361	1100
1.922436	1102
1.926300	1105
1.930407	1107
1.933645	1109
1.937273	1111
1.941013	1113
1.944223	1115
1.948005	1118
1.951343	1119
1.954494	1121
1.958844	1124
1.962783	1126
1.966225	1128
1.970320	1130
1.973396	1132
1.977064	1135
1.980931	1136
1.983995	1138
1.987900	1141
1.991132	1143
1.994225	1145
1.998012	1147
2.001292	1149
2.004332	1151
2.008009	1153
2.011817	1155
2.015171	1157
2.019268	1159
2.022428	1161
2.026320	1164
2.030370	1166
2.033490	1168
2.037034	1170
2.040940	1172
2.044019	1174
2.047930	1176
2.051254	1178
2.054328	1180
2.058049	1182
2.061350	1184
2.065290	1186
2.069313	1189
2.072342	1190
2.075588	1193
2.079739	1195
2.082870	1197
2.086234	1199
2.090320	1201
2.093593	1203
2.097239	1206
2.101010	1207
2.104205	1210
2.107950	1212
2.111246	1214
2.115237	1216
2.119347	1218
2.122432	1220
2.125723	1222
2.130415	1224
2.133589	1226
2.137218	1229
2.140921	1230
2.143942	1232
2.147881	1235
2.152293	1238
2.156453	1241
2.161375	1244
2.166450	1246
2.171231	1249
2.174636	1251
2.178926	1253
2.182283	1255
2.185670	1258
2.189784	1260
2.192945	1262
2.196353	1264
2.201008	1266
2.204475	1268
2.208743	1271
2.212006	1273
2.216234	1276
2.220309	1278
2.223406	1280
2.226972	1282
2.231303	1284
2.234354	1286
2.238112	1288
2.241375	1290
2.244449	1292
2.248638	1294
2.252025	1296
2.255257	1298
2.259383	1300
2.262456	1303
2.266568	1305
2.270628	1307
2.273857	1309
2.277758	1312
2.281089	1313
2.284260	1316
2.287969	1318
2.295090	1322
2.299283	1324
2.302353	1326
2.305642	1328
2.309758	1330
2.312922	1332
2.317266	1335
2.321014	1337
2.324052	1339
2.327922	1341
2.331228	1343
2.334831	1345
2.338964	1348
2.342256	1350
2.345591	1352
2.349703	1354
2.352916	1356
2.356299	1358
2.360350	1360
2.363360	1362
2.367931	1365
2.371227	1366
2.374346	1368
2.378080	1370
2.381364	1372
2.384445	1374
2.388750	1377
2.392032	1379
2.395259	1381
2.399324	1383
2.402496	1385
2.406077	1388
2.410194	1390
2.413325	1392
2.417922	1394
2.421194	1396
2.424359	1398
2.428097	1400
2.431362	1402
2.434425	1404
2.439007	1406
2.442263	1408
2.445448	1411
2.449392	1412
2.452458	1414
2.455920	1417
2.460083	1419
2.463190	1421
2.467242	1424
2.471059	1425
2.474249	1428
2.477985	1430
2.481311	1432
2.484405	1434
2.488563	1436
2.491990	1438
2.495275	1440
2.499346	1442
2.502425	1444
2.505882	1446
2.510089	1448
2.513168	1450
2.516570	1453
2.521182	1455
2.524346	1457
2.528131	1459
2.531574	1461
2.534806	1463
2.539408	1466
2.542483	1468
2.545928	1470
2.550033	1472
2.553105	1474
2.556415	1476
2.560488	1478
2.563617	1480
2.567257	1483
2.571774	1485
2.574896	1487
2.579016	1489
2.582361	1491
2.585694	1494
2.589773	1496
2.592953	1497
2.596320	1500
2.600447	1502
2.603727	1504
2.607303	1506
2.611061	1508
2.614264	1510
2.618067	1512
2.622159	1514
2.625376	1516
2.629368	1519
2.632430	1520
2.635684	1523
2.639765	1525
2.643674	1528
2.647304	1530
2.651227	1532
2.654341	1534
2.658515	1536
2.662053	1538
2.665239	1540
2.670116	1543
2.673244	1544
2.676548	1547
2.680749	1549
2.684401	1552
2.688805	1554
2.693116	1556
2.696603	1559
2.700567	1560
2.703754	1562
2.707743	1565
2.710992	1566
2.714061	1569
2.717939	1571
2.722096	1573
2.725347	1576
2.729314	1578
2.732419	1579
2.735692	1582
2.739752	1584
2.743601	1586
2.747246	1588
2.751044	1590
2.754280	1592
2.758090	1594
2.761457	1596
2.764533	1598
2.768794	1601
2.772875	1603
2.776323	1606
2.780424	1608
2.783698	1610
2.787768	1612
2.791088	1614
2.794295	1616
2.798073	1618
2.801341	1620
2.804475	1622
2.808832	1624
2.812160	1626
2.815413	1629
2.819429	1631
2.823205	1633
2.826517	1635
2.830598	1637
2.833890	1639
2.837903	1642
2.841263	1644
2.844356	1646
2.848936	1648
2.852202	1650
2.855376	1652
2.859409	1654
2.862492	1656
2.865945	1658
2.870191	1661
2.874177	1663
2.877944	1665
2.881279	1667
2.884455	1669
2.888827	1672
2.892164	1674
2.895418	1676
2.899451	1678
2.902631	1680
2.906190	1682
2.910307	1684
2.913355	1686
2.916941	1688
2.920940	1691
2.924841	1693
2.928974	1695
2.932306	1697
2.939636	1702
2.942876	1704
2.946287	1706
2.950934	1708
2.954022	1710
2.957916	1712
2.961621	1714
2.964788	1716
2.968958	1719
2.972249	1721
2.976369	1724
2.980500	1726
2.983777	1728
2.987778	1730
2.991076	1732
2.994289	1734
2.998065	1736
3.001348	1738
3.004489	1740
3.008849	1742
3.012169	1744
3.015421	1747
3.019439	1748
3.022603	1751
3.026983	1754
3.030956	1755
3.034175	1758
3.037945	1760
3.041302	1762
3.044434	1764
3.048801	1766
3.052574	1768
3.056101	1771
3.060227	1772
3.063334	1774
3.066944	1777
3.070905	1779
3.074394	1781
3.078838	1784
3.082113	1786
3.085347	1788
3.089332	1790
3.092447	1792
3.095727	1794
3.099759	1796
3.102912	1798
3.106267	1800
3.110289	1802
3.113323	1804
3.116847	1806
3.120851	1808
3.123889	1811
3.128913	1813
3.132523	1815
3.136089	1818
3.140178	1820
3.143286	1822
3.146866	1824
3.150636	1826
3.154243	1828
3.158053	1830
3.161382	1832
3.164463	1834
3.168561	1837
3.171944	1838
3.175651	1841
3.179765	1843
3.182967	1845
3.186327	1848
3.190358	1850
3.193575	1852
3.197239	1854
3.201009	1856
3.204132	1858
3.207983	1860
3.211255	1862
3.214402	1864
3.218615	1866
3.222007	1868
3.225238	1871
3.230176	1873
3.233328	1875
3.236820	1877
3.241287	1880
3.244836	1882
3.248941	1884
3.252167	1886
3.255548	1888
3.259767	1890
3.262976	1892
3.266267	1894
3.270261	1896
3.273384	1898
3.277708	1901
3.281019	1903
3.284028	1905
3.287909	1907
3.291402	1909
3.294513	1911
3.298853	1914
3.302149	1915
3.305342	1918
3.309283	1920
3.312377	1921
3.315684	1924
3.319844	1926
3.322963	1928
3.326327	1930
3.330953	1932
3.334006	1934
3.337981	1936
3.341278	1938
3.344347	1940
3.348162	1942
3.351637	1944
3.354782	1946
3.359339	1949
3.362372	1950
3.365588	1953
3.369729	1955
3.372894	1957
3.376249	1960
3.380940	1962
3.384181	1964
3.387994	1966
3.391267	1968
3.394349	1970
3.398559	1972
3.401895	1974
3.405183	1976
3.409266	1978
3.412313	1980
3.415556	1982
3.419796	1984
3.422966	1986
3.426298	1989
3.431022	1991
3.434248	1993
3.437961	1995
3.441250	1997
3.444347	1999
3.448136	2001
3.451581	2003
3.454778	2005
3.458944	2008
3.462639	2010
3.466108	2012
3.470224	2014
3.473285	2016
3.476839	2019
3.481294	2020
3.484393	2023
3.488610	2025
3.492057	2027
3.495311	2029
3.499360	2032
3.502497	2033
3.506076	2036
3.510195	2038
3.513330	2040
3.516892	2042
3.520782	2044
3.523878	2046
3.527782	2050
3.533269	2052
3.536943	2056
3.546484	2060
3.552178	2062
3.555354	2069
3.566316	2071
3.577850	2078
3.581943	2080
3.587809	2084
3.591105	2085
3.597801	2090
3.602346	2092
3.606904	2095
3.610893	2097
3.617747	2101
3.621094	2103
3.625610	2106
3.629733	2109
3.633635	2111
3.637260	2113
3.641016	2115
3.644061	2117
3.647939	2119
3.651242	2121
3.654321	2123
3.658100	2125
3.661420	2127
3.664434	2129
3.668944	2132
3.672477	2134
3.675894	2136
3.679833	2138
3.683630	2140
3.687973	2142
