0.000209	0
0.003214	0
0.006510	0
0.010394	0
0.013475	0
0.016747	0
0.020676	0
0.023618	0
0.027634	1
0.031748	2
0.034917	2
0.038598	2
0.043716	3
0.047074	4
0.050958	4
0.053986	5
0.057197	6
0.061117	6
0.064236	7
0.067713	8
0.071528	9
0.074581	10
0.079567	11
0.082816	12
0.085957	12
0.090177	14
0.093661	14
0.096964	15
0.100947	16
0.103950	17
0.107194	18
0.111096	19
0.114200	20
0.117645	21
0.121489	22
0.124461	23
0.129425	24
0.132612	25
0.135855	26
0.139927	27
0.142905	28
0.146711	29
0.150785	30
0.153748	31
0.157003	32
0.160982	33
0.163942	34
0.167458	35
0.171420	36
0.174457	37
0.178721	38
0.181988	40
0.184966	40
0.188625	42
0.192659	43
0.196968	44
0.201713	46
0.205676	47
0.210771	48
0.214667	50
0.219697	51
0.223730	52
0.227828	54
0.233004	55
0.237692	56
0.242428	58
0.246859	60
0.251683	60
0.255679	62
0.260721	63
0.264675	65
0.269875	66
0.273693	68
0.277796	69
0.283565	70
0.287703	72
0.292520	73
0.296852	75
0.301729	76
0.305714	78
0.310802	79
0.314796	80
0.319248	81
0.322631	82
0.325826	83
0.330167	84
0.333267	86
0.336720	87
0.340805	88
0.343904	89
0.347458	90
0.351747	91
0.354818	92
0.358598	93
0.361866	94
0.364954	95
0.368699	96
0.371999	98
0.375028	98
0.378772	100
0.382850	101
0.386041	102
0.389967	103
0.393062	104
0.396308	105
0.400364	106
0.403488	107
0.406894	108
0.410853	109
0.413985	110
0.417479	112
0.421389	112
0.424466	114
0.428378	115
0.432406	116
0.435529	117
0.439690	118
0.442862	119
0.446052	120
0.450027	122
0.453531	122
0.456891	124
0.460883	125
0.463970	126
0.467569	127
0.471470	128
0.474472	129
0.478503	130
0.482550	132
0.485835	132
0.489900	134
0.493008	134
0.496284	136
0.500337	137
0.503526	138
0.506883	139
0.510947	140
0.513974	141
0.517573	142
0.521465	144
0.524539	144
0.528499	146
0.532168	147
0.535226	148
0.539510	149
0.542731	150
0.545883	151
0.549951	152
0.553015	153
0.556889	154
0.560906	156
0.564009	156
0.567585	158
0.571512	159
0.574601	160
0.578526	161
0.581793	162
0.585542	164
0.589577	165
0.593598	166
0.596998	167
0.600981	168
0.603978	169
0.607577	170
0.611453	171
0.614509	172
0.618362	174
0.621618	174
0.624594	175
0.628498	176
0.632056	178
0.635951	179
0.639937	180
0.642963	181
0.646345	182
0.650392	183
0.653558	184
0.656871	186
0.660939	186
0.664029	188
0.667600	189
0.671500	190
0.674580	191
0.678547	192
0.681766	193
0.685723	194
0.689700	196
0.692905	196
0.695966	198
0.699988	198
0.703070	200
0.706329	201
0.710425	202
0.713595	203
0.716942	204
0.720945	205
0.724037	206
0.728575	208
0.731843	208
0.735700	210
0.739869	211
0.743042	212
0.746285	213
0.750408	214
0.753577	215
0.756941	216
0.761456	218
0.764544	218
0.768497	220
0.771783	221
0.774902	222
0.778614	223
0.781874	224
0.785818	225
0.789960	226
0.793022	227
0.796255	228
0.800299	230
0.803447	230
0.806742	232
0.810778	233
0.813837	234
0.817146	235
0.821100	236
0.824055	237
0.827639	238
0.831476	239
0.834511	240
0.839476	242
0.842729	242
0.845913	244
0.849922	245
0.852976	246
0.856167	247
0.860570	248
0.863586	249
0.866893	250
0.870834	251
0.873899	252
0.877158	253
0.881139	254
0.884205	256
0.888701	257
0.891914	258
0.894981	259
0.898738	260
0.901886	261
0.904969	262
0.908662	263
0.911947	264
0.914975	265
0.918649	266
0.921813	267
0.924912	268
0.928568	269
0.931791	270
0.934851	272
0.939978	272
0.943039	274
0.946307	275
0.950367	276
0.953550	277
0.956883	278
0.960891	279
0.964545	280
0.968405	282
0.971647	282
0.974626	284
0.978554	284
0.981815	286
0.984975	287
0.989662	288
0.992812	289
0.996003	290
1.000042	291
1.003024	292
1.006186	293
1.010324	294
1.013422	295
1.016749	296
1.020804	298
1.023868	298
1.027137	300
1.031121	301
1.034305	302
1.038566	303
1.041867	304
1.044894	305
1.048627	306
1.051842	307
1.054861	308
1.058616	309
1.061868	310
1.064929	312
1.069565	313
1.072775	314
1.075948	315
1.079931	316
1.082981	317
1.086230	318
1.091586	319
1.095073	320
1.098783	322
1.102045	322
1.105086	324
1.109254	325
1.112662	326
1.115846	327
1.119684	328
1.122876	329
1.126049	330
1.129932	331
1.133002	332
1.136070	334
1.140939	335
1.144024	336
1.147614	337
1.151561	338
1.154550	339
1.158509	340
1.161707	341
1.164820	342
1.169272	344
1.172659	344
1.175856	346
1.179711	346
1.182932	348
1.186192	349
1.190940	350
1.193935	351
1.197482	352
1.201222	353
1.204372	354
1.207921	356
1.211599	356
1.214664	358
1.218571	359
1.221812	360
1.224936	361
1.228625	362
1.231899	363
1.234974	364
1.239187	365
1.243381	366
1.246708	368
1.250759	368
1.253842	370
1.257085	370
1.261045	372
1.264213	372
1.267817	374
1.271849	375
1.275019	376
1.278707	377
1.282080	378
1.285123	379
1.289392	381
1.293441	382
1.296851	383
1.300870	384
1.303872	385
1.307212	386
1.311131	387
1.314239	388
1.317805	389
1.321576	390
1.324604	391
1.328539	392
1.331989	393
1.334987	394
1.339195	396
1.343273	397
1.346845	398
1.350869	399
1.353861	400
1.357076	401
1.361116	402
1.364202	403
1.367810	404
1.371566	406
1.374991	407
1.378711	408
1.381972	409
1.384987	410
1.388700	411
1.392426	412
1.395541	413
1.399639	414
1.402802	415
1.405982	416
1.409973	417
1.413039	418
1.416225	419
1.420323	420
1.423419	421
1.426750	422
1.430842	424
1.433907	424
1.437476	426
1.441408	427
1.445113	428
1.449189	429
1.452586	430
1.455729	431
1.459650	432
1.462868	434
1.466193	435
1.470257	436
1.473464	437
1.477151	438
1.481121	439
1.484366	440
1.487892	441
1.491624	442
1.495225	444
1.499428	444
1.502649	446
1.505896	446
1.509903	448
1.512962	449
1.516233	450
1.520300	451
1.523443	452
1.526747	453
1.530851	454
1.533830	455
1.537160	456
1.541170	458
1.544977	459
1.548710	460
1.551996	461
1.555036	462
1.558767	463
1.562028	464
1.565073	465
1.569197	466
1.572663	467
1.575890	468
1.580256	470
1.583452	470
1.586744	472
1.591101	473
1.595886	474
1.599937	476
1.603008	476
1.606264	478
1.610354	479
1.613511	480
1.616892	481
1.620876	482
1.623847	483
1.627165	484
1.631407	485
1.634446	486
1.638423	488
1.641670	488
1.645175	490
1.649463	491
1.652719	492
1.655926	493
1.659972	494
1.662978	495
1.666231	496
1.670274	497
1.673475	498
1.676858	500
1.681394	501
1.684470	502
1.688434	503
1.691767	504
1.694860	505
1.699692	506
1.702839	507
1.705983	508
1.709942	510
1.712987	510
1.716061	512
1.719999	512
1.723083	514
1.727084	515
1.731164	516
1.734260	517
1.738361	518
1.741624	519
1.744668	520
1.749578	522
1.752852	523
1.755979	524
1.759987	525
1.763133	526
1.766332	527
1.770403	528
1.773526	529
1.776893	530
1.780912	532
1.784542	532
1.788449	534
1.791696	534
1.794803	536
1.799651	537
1.802865	538
1.805987	539
1.809983	540
1.813038	541
1.816281	542
1.820333	544
1.823499	544
1.826856	546
1.832248	547
1.835415	548
1.839557	550
1.842863	550
1.845987	555
1.861031	556
1.868521	558
1.871822	559
1.878531	562
1.881836	562
1.887003	564
1.890959	565
1.894069	566
1.897597	568
1.901899	568
1.904972	570
1.908698	571
1.912010	572
1.914985	573
1.918700	574
1.921889	575
1.925029	576
1.928665	580
1.940031	580
1.943506	582
1.949570	584
1.952938	584
1.956501	586
1.960420	587
1.963581	588
1.966900	589
1.970923	590
1.973907	591
1.977245	592
1.981200	593
1.984360	594
1.988585	596
1.991802	596
1.994904	598
1.998642	599
2.002736	600
2.005893	601
2.009902	602
2.012942	603
2.016187	604
2.020143	605
2.023139	606
2.026317	607
2.030395	608
2.033471	609
2.036821	610
2.040859	612
2.043979	612
2.047585	614
2.051985	615
2.055094	616
2.059172	617
2.062557	618
2.065716	620
2.070042	620
2.073108	622
2.076700	623
2.080708	624
2.083680	625
2.087036	626
2.091789	628
2.095223	628
2.099883	630
2.103600	631
2.106968	632
2.110955	633
2.113946	634
2.117182	635
2.121188	636
2.124279	637
2.127887	638
2.131597	640
2.134770	641
2.138579	642
2.141822	643
2.144939	644
2.148663	645
2.152730	646
2.155932	647
2.159954	648
2.162945	649
2.166043	650
2.170056	652
2.173138	652
2.176508	654
2.180403	654
2.183553	656
2.186884	657
2.191930	658
2.195895	660
2.200917	661
2.205871	663
2.210875	664
2.214800	666
2.219948	667
2.223792	668
2.228409	670
2.232536	671
2.236734	672
2.241596	674
2.244676	674
2.248554	676
2.251804	677
2.255688	678
2.259596	679
2.262793	680
2.265921	681
2.269981	682
2.273053	683
2.276274	684
2.280351	686
2.283525	686
2.286875	688
2.290898	689
2.293981	690
2.297941	691
2.301687	692
2.305494	693
2.309601	694
2.312807	696
2.315979	696
2.319997	698
2.323094	699
2.326508	700
2.330413	701
2.333602	702
2.336893	703
2.344546	705
2.348523	706
2.351810	708
2.355672	709
2.359699	710
2.362876	711
2.366080	712
2.369993	713
2.373041	714
2.376272	716
2.380306	716
2.383392	717
2.386754	718
2.390833	720
2.393920	721
2.397854	722
2.401609	723
2.405510	724
2.409556	725
2.412774	726
2.415925	728
2.419943	728
2.423012	730
2.426270	731
2.430383	732
2.433563	732
2.436890	734
2.440896	735
2.443969	736
2.447464	737
2.451409	738
2.455020	740
2.459207	741
2.462598	742
2.465868	743
2.469903	744
2.472945	745
2.476252	746
2.480314	747
2.483397	748
2.486719	749
2.490850	750
2.493875	751
2.497200	753
2.501599	754
2.504697	755
2.509559	756
2.512784	757
2.515968	758
2.519926	759
2.523009	760
2.526211	762
2.530308	762
2.533474	764
2.536847	765
2.540912	766
2.543941	767
2.547461	768
2.551263	769
2.554537	770
2.559537	772
2.562778	772
2.565925	774
2.569929	774
2.573008	776
2.576276	777
2.580354	778
2.583511	778
2.586876	780
2.591130	781
2.595061	782
2.598731	784
2.602498	784
2.605813	786
2.610527	787
2.613644	788
2.616900	789
2.620937	790
2.623908	791
2.627467	792
2.631597	793
2.634660	794
2.638581	796
2.641845	796
2.644951	798
2.648715	799
2.651995	800
2.655089	801
2.659964	802
2.663079	803
2.666342	804
2.670329	805
2.673527	806
2.676912	808
2.680981	808
2.684079	810
2.687658	811
2.691543	812
2.694634	813
2.698596	814
2.701785	815
2.705247	816
2.710128	818
2.713224	818
2.716724	820
2.720799	821
2.723907	822
2.728591	823
2.731892	824
2.734956	825
2.739277	826
2.742644	828
2.745897	828
2.749928	830
2.753032	831
2.756304	832
2.761111	833
2.764330	834
2.767915	836
2.771604	836
2.774773	838
2.778577	839
2.781846	840
2.784994	841
2.788771	842
2.792040	843
2.795067	844
2.799273	845
2.802656	846
2.805856	848
2.811127	848
2.814358	850
2.818359	851
2.821692	852
2.824799	853
2.828612	854
2.831845	855
2.834944	856
2.838778	857
2.842211	858
2.845263	859
2.849467	860
2.852728	862
2.855966	863
2.860847	864
2.863876	865
2.867485	866
2.871258	867
2.874438	868
2.878374	870
2.881650	870
2.884656	872
2.888573	872
2.891888	874
2.894991	874
2.898730	876
2.902027	876
2.905069	878
2.910431	879
2.913603	880
2.916895	882
2.920966	882
2.924052	884
2.927620	885
2.931554	886
2.934565	887
2.938585	888
2.941787	889
2.944919	890
2.948612	891
2.951882	892
2.954947	893
2.958741	894
2.962882	896
2.966267	897
2.970364	898
2.973574	899
2.976891	900
2.980913	901
2.984019	902
2.987571	903
2.991483	904
2.994499	905
2.998427	906
3.001701	908
3.004855	908
3.008580	910
3.013057	911
3.016327	912
3.020338	913
3.023552	914
3.026888	916
3.030957	916
3.034055	918
3.037643	919
3.041552	920
3.044676	921
3.048570	922
3.051847	923
3.054982	924
3.058748	925
3.062822	926
3.065985	928
3.069992	928
3.073097	930
3.076562	931
3.080731	932
3.083735	933
3.086992	934
3.091625	935
3.095041	936
3.099206	938
3.102620	938
3.105891	940
3.109918	941
3.113875	942
3.117147	943
3.121155	944
3.124232	945
3.127811	946
3.131575	948
3.134654	948
3.138578	950
3.141825	950
3.144933	952
3.148598	953
3.151827	954
3.154936	955
3.158731	956
3.161929	957
3.165900	958
3.169950	960
3.172999	960
3.176055	962
3.180025	962
3.183085	964
3.186355	965
3.190383	966
3.193542	966
3.196885	968
3.200904	969
3.203955	970
3.207473	971
3.211253	972
3.215016	974
3.219582	975
3.222814	976
3.225976	977
3.229998	978
3.233005	979
3.236310	980
3.240338	981
3.243424	982
3.246820	984
3.250875	984
3.253857	986
3.257116	986
3.261098	988
3.264340	988
3.268364	990
3.271685	991
3.274807	992
3.278573	993
3.281837	994
3.284925	995
3.288704	996
3.291871	997
3.295033	998
3.298711	999
3.302068	1000
3.305082	1001
3.309263	1002
3.312635	1004
3.316759	1005
3.321427	1006
3.324433	1007
3.328368	1008
3.331746	1009
3.334840	1010
3.338572	1012
3.341817	1012
3.344869	1014
3.348585	1014
3.351840	1016
3.354954	1016
3.358691	1018
3.361929	1018
3.365520	1020
3.369607	1021
3.372864	1022
3.375977	1023
3.379957	1024
3.383006	1025
3.386238	1026
3.390307	1028
3.393458	1028
3.396755	1030
3.400830	1031
3.403892	1032
3.407190	1033
3.411236	1034
3.414338	1035
3.419406	1036
3.423061	1038
3.426305	1039
3.430324	1040
3.433509	1040
3.436863	1042
3.440856	1043
3.443965	1044
3.447508	1045
3.451461	1046
3.454449	1047
3.458396	1048
3.461676	1049
3.464796	1051
3.469700	1052
3.472840	1053
3.476015	1054
3.480032	1055
3.483013	1056
3.486198	1057
3.490338	1058
3.493420	1059
3.496744	1060
3.500814	1062
3.503900	1062
3.507437	1064
3.511424	1065
3.514497	1066
3.519486	1067
3.522845	1068
3.525992	1069
3.529991	1070
3.532992	1071
3.536282	1073
3.540361	1074
3.543544	1075
3.546896	1076
3.550885	1077
3.553980	1078
3.557466	1079
3.561450	1080
3.564492	1081
3.569427	1083
3.572700	1084
3.575895	1085
3.579891	1086
3.582938	1087
3.586209	1088
3.590309	1089
3.593913	1090
3.597476	1092
3.601381	1092
3.604378	1094
3.608375	1095
3.611653	1096
3.614810	1097
3.619138	1098
3.622495	1099
