0.000204	0
0.003189	0
0.007348	0
0.011667	0
0.014619	1
0.019422	2
0.022483	2
0.025640	3
0.029714	4
0.032690	5
0.036142	6
0.040394	8
0.044297	10
0.048014	11
0.051339	13
0.054425	14
0.058156	16
0.061435	18
0.064458	20
0.069155	23
0.072349	25
0.075489	27
0.079493	29
0.082609	32
0.086161	34
0.090900	37
0.094418	40
0.098669	43
0.102503	46
0.105947	49
0.109950	51
0.113033	54
0.116408	58
0.121124	60
0.124342	63
0.128216	66
0.131672	69
0.134820	72
0.139072	75
0.142341	78
0.145637	81
0.149825	84
0.152988	86
0.156387	90
0.160470	93
0.163729	96
0.167358	100
0.171983	103
0.175313	106
0.179383	110
0.182496	112
0.185793	116
0.189907	119
0.193074	122
0.196442	125
0.200551	128
0.204267	132
0.208064	135
0.211448	138
0.214602	141
0.218894	146
0.222921	148
0.226327	152
0.230427	155
0.233732	158
0.237799	162
0.241172	165
0.244362	168
0.248127	172
0.251480	174
0.254617	178
0.258927	181
0.262292	184
0.265415	188
0.269381	192
0.273204	194
0.276546	198
0.280670	201
0.283897	204
0.287878	208
0.291297	211
0.294416	214
0.298858	218
0.302273	221
0.305454	225
0.310221	228
0.313305	231
0.316920	235
0.321071	238
0.324323	242
0.328077	245
0.331488	248
0.334605	251
0.338865	255
0.342232	258
0.345676	262
0.349810	265
0.353043	268
0.356481	272
0.360502	275
0.363771	278
0.367837	282
0.372157	286
0.375429	289
0.379509	292
0.382694	296
0.387046	300
0.391004	303
0.394281	306
0.398656	310
0.402145	313
0.405448	317
0.410107	320
0.413241	324
0.416615	327
0.420885	331
0.424707	334
0.429030	338
0.432471	341
0.435983	345
0.440285	348
0.443429	352
0.447043	355
0.451027	358
0.454223	362
0.458055	365
0.461478	368
0.464636	371
0.468920	375
0.472645	378
0.476306	382
0.480441	386
0.483710	389
0.487372	392
0.491232	396
0.494400	399
0.498713	402
0.502179	406
0.505400	409
0.511053	414
0.519568	422
0.523319	429
0.530868	432
0.534050	436
0.538027	439
0.541425	442
0.544545	445
0.548863	449
0.552206	452
0.555690	456
0.559880	459
0.563040	462
0.566442	466
0.570627	469
0.574049	472
0.578013	476
0.581429	479
0.584554	482
0.588956	487
0.593053	490
0.596625	494
0.600683	497
0.603970	500
0.607996	504
0.611328	507
0.614961	510
0.619126	514
0.622483	518
0.626919	522
0.630952	525
0.634097	528
0.638043	532
0.641330	534
0.644476	538
0.648901	542
0.652211	545
0.656422	549
0.660551	552
0.663806	556
0.667884	559
0.671281	562
0.675004	566
0.679393	570
0.682530	573
0.686011	576
0.690290	580
0.693454	583
0.697149	587
0.701087	590
0.704357	594
0.708148	597
0.711703	600
0.714907	604
0.719585	607
0.722846	610
0.727242	615
0.731081	618
0.734340	621
0.738205	624
0.741704	628
0.744932	631
0.749123	634
0.752464	638
0.755996	642
0.760133	645
0.763357	648
0.767080	652
0.771013	655
0.774287	659
0.779428	662
0.782597	666
0.786267	670
0.790364	673
0.793651	676
0.797380	680
0.801120	682
0.804279	686
0.808096	689
0.811429	692
0.814557	696
0.819332	700
0.822473	702
0.825785	707
0.830859	710
0.833950	713
0.837876	717
0.841291	720
0.844408	723
0.848258	726
0.851674	730
0.854900	733
0.859079	736
0.862350	740
0.865690	743
0.869887	746
0.873020	749
0.876358	754
0.881022	756
0.884244	760
0.888084	764
0.891436	766
0.894554	770
0.898935	773
0.902263	776
0.905424	780
0.909493	783
0.912623	786
0.916180	790
0.920664	794
0.923878	796
0.928422	801
0.931932	804
0.935320	808
0.939425	811
0.942522	814
0.946013	818
0.950162	821
0.953323	824
0.957031	828
0.961013	831
0.964141	834
0.968037	838
0.971315	840
0.974414	844
0.978166	848
0.982232	850
0.985415	854
0.989595	858
0.992848	860
0.996319	864
1.000466	868
1.003707	871
1.007370	874
1.011227	877
1.014398	881
1.018173	884
1.021654	887
1.024841	890
1.029755	895
1.033013	898
1.036410	902
1.040488	905
1.043758	908
1.047810	912
1.051175	914
1.054331	918
1.058130	921
1.061456	924
1.064685	928
1.069018	931
1.072376	934
1.075682	938
1.080294	942
1.083440	945
1.087076	949
1.091287	952
1.094953	956
1.099143	959
1.102496	962
1.105797	966
1.109931	969
1.113090	972
1.116488	976
1.120658	979
1.123894	983
1.128218	986
1.132476	990
1.135989	994
1.140214	997
1.143361	1000
1.147073	1004
1.150999	1007
1.154130	1010
1.158020	1014
1.161353	1016
1.164432	1020
1.168625	1024
1.172078	1027
1.175392	1030
1.179470	1034
1.183291	1037
1.186614	1041
1.190722	1044
1.194045	1048
1.198001	1051
1.201393	1054
1.204503	1057
1.208716	1061
1.212180	1064
1.215428	1068
1.219461	1070
1.222606	1074
1.226184	1078
1.230918	1082
1.234707	1085
1.238986	1088
1.242233	1092
1.245431	1095
1.249485	1098
1.252613	1102
1.256161	1105
1.260353	1108
1.263468	1112
1.267062	1115
1.271017	1118
1.274227	1122
1.278082	1125
1.281400	1128
1.285430	1132
1.289462	1136
1.292657	1138
1.296182	1142
1.300409	1146
1.303507	1149
1.307105	1152
1.311027	1155
1.314263	1159
1.318026	1162
1.321437	1165
1.324543	1168
1.328916	1172
1.333190	1176
1.336920	1180
1.341017	1183
1.344250	1186
1.348038	1190
1.351449	1193
1.354517	1196
1.358921	1200
1.362318	1203
1.365629	1207
1.369836	1210
1.373079	1213
1.376448	1217
1.380534	1220
1.384470	1224
1.388903	1228
1.392211	1231
1.395498	1234
1.399753	1238
1.402961	1241
1.406344	1244
1.410448	1248
1.413686	1251
1.417362	1255
1.421242	1258
1.424399	1261
1.428212	1264
1.432005	1268
1.436348	1272
1.440497	1276
1.443756	1279
1.447864	1283
1.451240	1286
1.454387	1289
1.458160	1292
1.461631	1295
1.464864	1298
1.469020	1302
1.472411	1305
1.475739	1309
1.479905	1312
1.483022	1316
1.487309	1320
1.491013	1322
1.494079	1326
1.498048	1329
1.501411	1332
1.504562	1336
1.508930	1339
1.512305	1342
1.515496	1346
1.519582	1349
1.522700	1352
1.526268	1356
1.530397	1359
1.533714	1364
1.539134	1368
1.542455	1370
1.545774	1374
1.549842	1377
1.553092	1380
1.556424	1384
1.560535	1387
1.563828	1390
1.567802	1394
1.571246	1397
1.574399	1400
1.578184	1404
1.581492	1406
1.584588	1411
1.589804	1415
1.593804	1418
1.597835	1422
1.601151	1424
1.604313	1428
1.608155	1432
1.611528	1434
1.614658	1438
1.619532	1442
1.622661	1445
1.626192	1448
1.630427	1452
1.633523	1455
1.638226	1460
1.641701	1462
1.644930	1466
1.649130	1469
1.652486	1472
1.655961	1476
1.660166	1480
1.663270	1482
1.666612	1486
1.670671	1489
1.673950	1492
1.677953	1496
1.681343	1499
1.684433	1502
1.688951	1506
1.692278	1509
1.695691	1513
1.699921	1516
1.703081	1519
1.706484	1523
1.710622	1526
1.713833	1530
1.717874	1533
1.721249	1536
1.724465	1540
1.728875	1543
1.732257	1546
1.735429	1550
1.740890	1554
1.744011	1558
1.748070	1561
1.751418	1564
1.754570	1567
1.758971	1571
1.762336	1574
1.765658	1578
1.769781	1581
1.773043	1584
1.776415	1588
1.780522	1591
1.783839	1594
1.787837	1599
1.792091	1602
1.795400	1606
1.799514	1609
1.802665	1612
1.806279	1616
1.810411	1619
1.813660	1622
1.817365	1626
1.821128	1629
1.824325	1632
1.828121	1636
1.831449	1638
1.834602	1642
1.838933	1646
1.843335	1650
1.846957	1654
1.851251	1657
1.855291	1662
1.860504	1666
1.865014	1671
1.870270	1675
1.874316	1679
1.878132	1682
1.881543	1685
1.884625	1688
1.888980	1692
1.893048	1696
1.896553	1700
1.900656	1703
1.903902	1706
1.907906	1710
1.911214	1712
1.914361	1716
1.918209	1719
1.921715	1722
1.924957	1726
1.929129	1730
1.932475	1732
1.935793	1736
1.939895	1740
1.944305	1744
1.948221	1747
1.951762	1750
1.954958	1754
1.959116	1757
1.962430	1760
1.965789	1764
1.969950	1767
1.973133	1770
1.976554	1774
1.980716	1777
1.983953	1780
1.987970	1784
1.991307	1788
1.995343	1791
1.999440	1794
2.002599	1798
2.006162	1801
2.010343	1804
2.013436	1808
2.017063	1811
2.021026	1814
2.024134	1818
2.028061	1821
2.031379	1824
2.034555	1827
2.038823	1831
2.042217	1835
2.046427	1839
2.051008	1842
2.054140	1845
2.058066	1849
2.061456	1852
2.064565	1855
2.068833	1859
2.072201	1862
2.075536	1866
2.079495	1868
2.082684	1872
2.086185	1876
2.091102	1880
2.095325	1884
2.099476	1887
2.102621	1890
2.106161	1894
2.110320	1897
2.113551	1900
2.117088	1904
2.121076	1907
2.124274	1910
2.128146	1914
2.131728	1917
2.134933	1920
2.139086	1924
2.142479	1928
2.146982	1932
2.151270	1935
2.154469	1938
2.158683	1942
2.162160	1945
2.165452	1948
2.169498	1952
2.172839	1955
2.176317	1959
2.180507	1962
2.183728	1966
2.187373	1969
2.191186	1972
2.194929	1976
2.199347	1980
2.202501	1983
2.206014	1987
2.210249	1990
2.213538	1993
2.217144	1997
2.221040	2000
2.224282	2003
2.228121	2007
2.231655	2010
2.234859	2013
2.239014	2017
2.242336	2020
2.246453	2024
2.250544	2028
2.254315	2031
2.258064	2034
2.265293	2042
2.269436	2045
2.272545	2048
2.276264	2052
2.280434	2055
2.283786	2058
2.287831	2062
2.291192	2065
2.294349	2070
2.299712	2073
2.302944	2076
2.306376	2080
2.310556	2083
2.313884	2086
2.317839	2090
2.321277	2093
2.324429	2096
2.328880	2100
2.332220	2103
2.335468	2107
2.339502	2110
2.342867	2113
2.347049	2118
2.350967	2120
2.354286	2124
2.358071	2128
2.361426	2130
2.364550	2134
2.368903	2138
2.372405	2140
2.375713	2144
2.379843	2147
2.383070	2151
2.387352	2155
2.391165	2158
2.394347	2161
2.399447	2166
2.402656	2168
2.406199	2172
2.410388	2176
2.413509	2179
2.417106	2182
2.421050	2186
2.424242	2189
2.428022	2192
2.431407	2195
2.434521	2198
2.438931	2202
2.442243	2205
2.445480	2210
2.450315	2213
2.453458	2216
2.457826	2220
2.461189	2223
2.464399	2226
2.468136	2230
2.471514	2232
2.474648	2236
2.478950	2239
2.482314	2242
2.485508	2246
2.489650	2249
2.492893	2252
2.496336	2257
2.501160	2260
2.504354	2263
2.508265	2266
2.511752	2270
2.514959	2273
2.519076	2276
2.522422	2280
2.525744	2284
2.529846	2286
2.533020	2289
2.536412	2293
2.540494	2296
2.543776	2300
2.547843	2304
2.552018	2307
2.555379	2310
2.560247	2315
2.564414	2320
2.569391	2323
2.572599	2326
2.576155	2330
2.580286	2333
2.583516	2336
2.587252	2340
2.591094	2343
2.594307	2347
2.598190	2352
2.603143	2355
2.606644	2358
2.610840	2362
2.613989	2365
2.618050	2368
2.621425	2372
2.624553	2375
2.628977	2378
2.632260	2382
2.635500	2385
2.639606	2388
2.642858	2392
2.646304	2395
2.651931	2400
2.655726	2404
2.659859	2408
2.663421	2411
2.667065	2415
2.671039	2418
2.674265	2421
2.678185	2424
2.681645	2428
2.684925	2431
2.689093	2434
2.692430	2438
2.695804	2442
2.699950	2445
2.704043	2448
2.708025	2452
2.711491	2455
2.714605	2458
2.718997	2462
2.722368	2465
2.725725	2469
2.729936	2472
2.733147	2475
2.736496	2479
2.740587	2482
2.743917	2485
2.747949	2489
2.751809	2492
2.755244	2496
2.759422	2500
2.763180	2503
2.766555	2507
2.770720	2510
2.774108	2514
2.778026	2517
2.781446	2520
2.784569	2523
2.788882	2527
2.792262	2530
2.795760	2534
2.799930	2537
2.803932	2541
2.808036	2544
2.811461	2548
2.814581	2551
2.818982	2554
2.822329	2558
2.825777	2562
2.829870	2565
2.833093	2568
2.836588	2572
2.840672	2574
2.843963	2578
2.848007	2582
2.851325	2586
2.855352	2589
2.859487	2592
2.862707	2595
2.866322	2600
2.870880	2602
2.874073	2606
2.878037	2610
2.881355	2612
2.884488	2616
2.888849	2620
2.892191	2622
2.895434	2626
2.899678	2630
2.903497	2633
2.907138	2637
2.911106	2640
2.914429	2644
2.918856	2647
2.922258	2650
2.925430	2654
2.929549	2657
2.932692	2660
2.936316	2664
2.940494	2667
2.943842	2670
2.948001	2674
2.951315	2677
2.955341	2682
2.959485	2685
2.962663	2688
2.966290	2692
2.970947	2696
2.974085	2699
2.978025	2702
2.981381	2705
2.984549	2708
2.988953	2712
2.992421	2716
2.995800	2719
2.999955	2722
3.003139	2726
3.007836	2730
3.011305	2733
3.014479	2736
3.018911	2740
3.022286	2743
3.025700	2747
3.029938	2750
3.033136	2753
3.036453	2757
3.040622	2760
3.043844	2764
3.047878	2767
3.051234	2770
3.055311	2774
3.059535	2778
3.062684	2781
3.066199	2785
3.070438	2788
3.074076	2792
3.078056	2795
3.081389	2798
3.084635	2802
3.088984	2805
3.092341	2808
3.095713	2812
3.099874	2815
3.103047	2818
3.107837	2823
3.111245	2826
3.114403	2829
3.118227	2832
3.121674	2835
3.124922	2839
3.129115	2842
3.132452	2845
3.135762	2849
3.139924	2852
3.143013	2855
3.146363	2859
3.151141	2863
3.154668	2868
3.159732	2871
3.162985	2874
3.166345	2878
3.170423	2880
3.173512	2884
3.177953	2888
3.181258	2890
3.184413	2894
3.188598	2898
3.192030	2900
3.195319	2904
3.199391	2907
3.202573	2910
3.206172	2915
3.211067	2918
3.214278	2922
3.218055	2925
3.221456	2928
3.224557	2931
3.228862	2934
3.232211	2938
3.235430	2942
3.239464	2944
3.242565	2948
3.246145	2952
3.250308	2954
3.253415	2958
3.257025	2962
3.261700	2965
3.264981	2968
3.269104	2972
3.272469	2975
3.276347	2979
3.280429	2982
3.283522	2986
3.287087	2989
3.291041	2992
3.294132	2996
3.298101	2999
3.301399	3002
3.304627	3005
3.309413	3009
3.312623	3012
3.316193	3016
3.320409	3020
3.323654	3023
3.327323	3026
3.331074	3029
3.334320	3033
3.338079	3036
3.341482	3039
3.344649	3042
3.348954	3046
3.352277	3049
3.355475	3053
3.360478	3057
3.363721	3060
3.367361	3064
3.371464	3067
3.374518	3070
3.379396	3074
3.382555	3078
3.386962	3082
3.391029	3085
3.394135	3088
3.398064	3092
3.401374	3095
3.404516	3098
3.408698	3102
3.412957	3106
3.416354	3109
3.420516	3112
3.423746	3116
3.427849	3120
3.431168	3122
3.434343	3126
3.438085	3129
3.441515	3132
3.444721	3135
3.448929	3139
3.452292	3142
3.455677	3146
3.460410	3150
3.463734	3153
3.467856	3156
3.471223	3160
3.474374	3163
3.478156	3166
3.482151	3170
3.485406	3174
3.489511	3176
3.492656	3180
3.496183	3184
3.500387	3186
3.503485	3190
3.507073	3193
3.511133	3196
3.514328	3200
3.518052	3203
3.521430	3206
3.524661	3209
3.528923	3213
3.532231	3216
3.535651	3220
3.539844	3223
3.543036	3226
3.546430	3230
3.550590	3233
3.553845	3236
3.557832	3240
3.561643	3243
3.564901	3246
3.569026	3250
3.572433	3253
3.575844	3257
3.580000	3260
3.583372	3264
3.586951	3267
3.590943	3270
3.594059	3274
3.598065	3277
3.601357	3280
3.604589	3284
3.608964	3287
3.612936	3291
3.616350	3294
3.620425	3298
3.623659	3301
3.627367	3305
3.631178	3308
3.634383	3311
3.638229	3314
3.641669	3317
3.644876	3320
3.649075	3325
3.653392	3328
3.657025	3332
3.661002	3336
3.664857	3339
3.669018	3342
3.672379	3346
3.675796	3350
3.679843	3353
3.683045	3356
3.687073	3360
3.691063	3363
3.694250	3366
