0.000204	0
0.004054	0
0.008031	0
0.011021	0
0.014126	1
0.018082	1
0.021059	1
0.024136	2
0.028075	2
0.031075	2
0.034125	3
0.038336	3
0.042144	4
0.045655	4
0.049364	5
0.052636	6
0.056557	6
0.059771	7
0.062836	8
0.066721	8
0.069886	9
0.073303	10
0.077417	10
0.080691	11
0.083876	12
0.087788	13
0.091968	14
0.095239	14
0.099146	15
0.102107	16
0.106678	17
0.109900	18
0.113016	18
0.116727	19
0.119990	20
0.123017	21
0.126797	22
0.129978	22
0.133076	23
0.136789	24
0.139959	25
0.143077	26
0.146863	27
0.150101	28
0.153887	28
0.157817	29
0.160997	30
0.164124	31
0.168133	32
0.171116	33
0.174354	34
0.178411	34
0.181585	36
0.184917	36
0.188978	37
0.192044	38
0.195276	39
0.199250	40
0.202203	41
0.206735	42
0.209897	43
0.213009	44
0.216713	45
0.219962	46
0.223051	46
0.226789	47
0.230007	48
0.233024	49
0.236778	50
0.240203	51
0.243188	52
0.247381	52
0.250767	53
0.254044	54
0.258935	56
0.262007	56
0.265225	57
0.269189	58
0.272144	59
0.275651	60
0.279757	61
0.282845	62
0.286719	63
0.289934	64
0.293047	64
0.296741	66
0.299962	66
0.303032	68
0.307831	68
0.311022	69
0.314141	70
0.318205	71
0.321202	72
0.324356	73
0.328379	74
0.331567	75
0.335746	76
0.339637	77
0.342689	78
0.346680	78
0.349963	79
0.353082	80
0.357882	82
0.361104	82
0.364223	83
0.368175	84
0.371180	85
0.374457	86
0.378458	87
0.381961	88
0.385163	89
0.389207	90
0.392201	91
0.395745	92
0.399652	92
0.402677	94
0.407082	94
0.410512	95
0.413669	96
0.417743	97
0.420996	98
0.424119	99
0.428122	100
0.431147	101
0.434441	102
0.438550	103
0.441689	104
0.445038	104
0.449087	106
0.452153	106
0.455652	108
0.461370	109
0.464884	110
0.468985	111
0.472087	112
0.475634	113
0.479566	114
0.483114	114
0.486870	116
0.490158	116
0.493189	117
0.496914	118
0.500144	119
0.503239	120
0.508116	121
0.511291	122
0.514680	123
0.526644	126
0.529820	127
0.536607	128
0.539879	129
0.546659	131
0.549890	132
0.556601	134
0.566606	136
0.569795	137
0.572814	138
0.577362	140
0.584516	141
0.588589	142
0.592477	143
0.596065	144
0.599806	145
0.602856	146
0.606715	147
0.610752	148
0.613984	149
0.617857	150
0.621076	150
0.624343	152
0.628277	152
0.631399	154
0.634880	154
0.638947	155
0.642039	156
0.645556	157
0.649563	158
0.652568	159
0.656541	160
0.660602	161
0.663855	162
0.667761	163
0.670990	164
0.674131	165
0.678148	166
0.681241	166
0.684509	168
0.689040	168
0.692142	169
0.695765	170
0.699575	171
0.702632	172
0.706594	173
0.710251	174
0.713266	175
0.717555	176
0.720765	177
0.724020	178
0.728080	179
0.731208	180
0.734464	181
0.738544	182
0.741734	182
0.745037	184
0.749127	184
0.752150	185
0.755750	186
0.759603	187
0.763363	188
0.767562	189
0.770822	190
0.774023	191
0.778069	192
0.781091	193
0.784395	194
0.788548	195
0.791727	196
0.795059	196
0.799056	198
0.802120	198
0.805400	199
0.809363	200
0.813200	201
0.816926	202
0.820115	203
0.823148	204
0.826895	205
0.830153	206
0.833200	206
0.836885	208
0.840155	208
0.843148	209
0.847383	210
0.850734	211
0.853967	212
0.857811	213
0.861037	214
0.865065	215
0.869023	216
0.872027	217
0.875252	218
0.879235	218
0.882191	219
0.885773	220
0.889577	221
0.893060	222
0.896736	223
0.899972	224
0.903014	225
0.906739	226
0.909963	226
0.913699	228
0.917762	228
0.920987	230
0.924134	230
0.928099	231
0.931154	232
0.934191	233
0.938267	234
0.941288	235
0.944564	236
0.948627	237
0.951747	238
0.955058	238
0.959074	239
0.962134	240
0.966685	241
0.969956	242
0.973007	243
0.976791	244
0.980026	245
0.983143	246
0.986866	246
0.990132	247
0.993655	248
0.997767	249
1.000989	250
1.004114	251
1.008115	252
1.011111	253
1.015182	254
1.019102	255
1.022151	256
1.025690	257
1.029580	258
1.032651	258
1.036559	260
1.039817	260
1.042857	261
1.046746	262
1.049924	263
1.053049	264
1.056758	265
1.059988	266
1.063110	267
1.067873	268
1.071114	268
1.074177	269
1.078115	270
1.081095	271
1.084335	272
1.088482	273
1.092429	274
1.096754	275
1.100041	276
1.103087	277
1.106770	278
1.109986	278
1.113010	280
1.117826	280
1.121105	281
1.124377	282
1.128267	283
1.131350	284
1.134526	285
1.138571	286
1.141678	287
1.145028	288
1.149039	288
1.152093	290
1.155375	290
1.159336	291
1.162446	292
1.166810	293
1.170014	294
1.173062	295
1.176772	296
1.180031	296
1.183117	298
1.186809	298
1.189978	299
1.193011	300
1.196741	301
1.200521	302
1.203610	303
1.207770	304
1.210938	305
1.214126	306
1.219044	307
1.222132	308
1.225648	309
1.229567	310
1.232648	310
1.236569	312
1.240055	312
1.243143	313
1.246927	314
1.250145	315
1.253206	316
1.256899	316
1.260175	318
1.263209	318
1.268053	320
1.271152	320
1.274262	321
1.278269	322
1.281284	323
1.284726	324
1.288596	325
1.291749	326
1.295069	327
1.299109	328
1.302732	329
1.306688	330
1.309941	330
1.313048	332
1.317269	332
1.320695	333
1.324003	334
1.327841	335
1.331035	336
1.335097	337
1.339089	338
1.342078	339
1.345775	340
1.349585	341
1.352682	342
1.356676	343
1.359924	344
1.363049	344
1.366757	346
1.370818	346
1.374019	347
1.378047	348
1.381073	349
1.384167	350
1.388158	351
1.391259	352
1.394490	353
1.398525	354
1.401697	354
1.405309	356
1.409306	356
1.412497	358
1.416065	358
1.420541	360
1.423701	360
1.427763	361
1.430990	362
1.434107	363
1.438118	364
1.441116	365
1.444441	366
1.448508	367
1.451664	368
1.455042	368
1.459104	370
1.462406	370
1.465995	372
1.470406	372
1.473373	373
1.477591	374
1.480762	375
1.484015	376
1.488039	377
1.491034	378
1.494145	379
1.498137	380
1.501215	380
1.504448	382
1.509034	382
1.512135	384
1.515640	384
1.519790	385
1.522830	386
1.526744	387
1.529914	388
1.532981	389
1.536752	390
1.539991	390
1.543117	392
1.546913	392
1.550127	393
1.553146	394
1.556769	395
1.560009	396
1.563049	397
1.566760	398
1.570355	398
1.573426	400
1.577640	400
1.580862	401
1.584054	402
1.588322	404
1.592153	404
1.595657	406
1.599437	406
1.602604	407
1.606103	408
1.610049	409
1.613195	410
1.616887	411
1.620684	412
1.624018	413
1.628030	414
1.631138	414
1.634221	415
1.638168	416
1.641150	417
1.644428	418
1.648395	419
1.651625	420
1.654922	421
1.659059	422
1.662066	422
1.665343	424
1.669351	425
1.673157	426
1.676951	426
1.680378	428
1.683434	428
1.687677	429
1.690903	430
1.694060	431
1.698142	432
1.701161	433
1.704446	434
1.708490	435
1.711928	436
1.715243	436
1.719209	438
1.723096	438
1.726873	440
1.730129	440
1.733187	441
1.736887	442
1.740079	443
1.743161	444
1.747343	445
1.750757	446
1.754019	447
1.758041	448
1.761132	448
1.764359	450
1.768414	450
1.771413	452
1.775751	452
1.779640	453
1.782669	454
1.786580	455
1.789849	456
1.792839	457
1.796769	458
1.800821	459
1.805368	460
1.810260	462
1.815268	463
1.820204	464
1.824433	465
1.828507	466
1.831653	467
1.835042	468
1.839036	469
1.842109	470
1.845753	471
1.849650	472
1.852739	472
1.856678	474
1.859937	474
1.863065	475
1.866758	476
1.869947	477
1.873719	478
1.877829	479
1.881031	480
1.884150	481
1.888164	482
1.891305	482
1.894521	484
1.898609	484
1.901697	485
1.905056	486
1.909073	487
1.912075	488
1.915715	489
1.919667	490
1.922668	491
1.927660	492
1.930864	493
1.934065	494
1.938087	495
1.941171	496
1.944493	497
1.948556	498
1.951704	498
1.955037	500
1.959122	500
1.962123	501
1.965369	502
1.969291	503
1.972474	504
1.976912	505
1.980187	506
1.983255	507
1.987377	508
1.990753	508
1.994004	510
1.997880	510
2.001008	511
2.004138	512
2.008116	513
2.011251	514
2.014435	515
2.019018	516
2.022029	517
2.025725	518
2.029640	519
2.032710	520
2.036680	520
2.039951	522
2.043062	522
2.046820	523
2.050080	524
2.053139	525
2.056819	526
2.060025	527
2.063122	528
2.066778	528
2.070034	529
2.073127	530
2.078082	532
2.081128	532
2.084187	533
2.088396	534
2.092187	535
2.095759	536
2.099595	537
2.102714	538
2.106597	539
2.109865	540
2.113017	540
2.116749	542
2.120358	542
2.123367	543
2.128122	544
2.131227	545
2.134493	546
2.138557	547
2.141695	548
2.145055	549
2.149099	550
2.152076	551
2.155609	552
2.159389	553
2.162549	554
2.166099	554
2.169759	555
2.172784	556
2.177281	558
2.180953	558
2.184106	559
2.188148	560
2.191137	561
2.194275	562
2.198128	563
2.201216	564
2.204487	565
2.208586	566
2.211722	566
2.215047	568
2.219116	568
2.222459	569
2.226059	570
2.230510	571
2.233654	572
2.237713	573
2.241190	574
2.244415	575
2.248518	576
2.251617	577
2.255032	578
2.259030	579
2.262106	580
2.265617	580
2.269447	582
2.272636	582
2.276535	584
2.280594	584
2.283704	585
2.287763	586
2.290944	587
2.294112	588
2.301795	590
2.305126	591
2.309174	592
2.312154	593
2.315660	594
2.319590	594
2.322625	596
2.326806	597
2.330884	598
2.335050	599
2.339100	600
2.342146	600
2.345770	602
2.349626	602
2.352654	603
2.356582	604
2.359764	605
2.362980	606
2.366737	607
2.369960	608
2.373091	608
2.376787	609
2.380820	610
2.384036	611
2.388065	612
2.391077	613
2.394358	614
2.398274	615
2.401393	616
2.404742	617
2.408686	618
2.411766	618
2.415069	620
2.419110	620
2.422074	621
2.425429	622
2.430276	623
2.433340	624
2.437554	625
2.440739	626
2.443898	627
2.448100	628
2.451119	628
2.454364	630
2.458426	630
2.461434	631
2.464910	632
2.468978	633
2.471980	634
2.475178	635
2.479172	636
2.483099	637
2.486823	638
2.490015	638
2.493091	640
2.496848	640
2.500094	641
2.503155	642
2.506825	643
2.510030	644
2.513094	645
2.516797	646
2.520011	646
2.523041	647
2.526752	648
2.530479	649
2.534361	650
2.538273	651
2.541272	652
2.544499	653
2.548551	654
2.551727	654
2.555083	656
2.559125	656
2.562121	657
2.565663	658
2.569388	659
2.572494	660
2.576040	661
2.579796	662
2.583413	663
2.587655	664
2.591638	665
2.595039	666
2.598998	667
2.602044	668
2.605616	669
2.609581	670
2.612679	670
2.616704	672
2.619974	672
2.623023	673
2.626747	674
2.629935	675
2.634216	676
2.638252	677
2.641316	678
2.644553	679
2.648569	680
2.651772	680
2.655065	682
2.659127	682
2.662229	684
2.665782	684
2.669689	685
2.672761	686
2.676714	687
2.680030	688
2.683872	689
2.687864	690
2.691056	691
2.694155	692
2.698102	693
2.701219	694
2.704509	695
2.708579	696
2.711733	696
2.715070	698
2.719131	698
2.722141	699
2.725751	700
2.729596	701
2.733399	702
2.738105	703
2.741120	704
2.744228	705
2.748252	706
2.751306	706
2.754732	708
2.758675	708
2.761779	709
2.765106	710
2.769136	711
2.772231	712
2.775813	713
2.779713	714
2.782733	715
2.787765	716
2.791010	717
2.794150	718
2.798148	719
2.801257	720
2.804520	721
2.808572	722
2.811758	722
2.815067	724
2.819132	724
2.822146	725
2.825679	726
2.829656	727
2.832687	728
2.838060	729
2.841159	730
2.844404	731
2.848417	732
2.851566	733
2.854926	734
2.859028	735
2.862152	736
2.865742	737
2.869631	738
2.872745	738
2.876725	740
2.879997	740
2.883047	742
2.887856	742
2.891041	743
2.894231	744
2.898123	745
2.901253	746
2.904478	747
2.908574	748
2.911747	748
2.915071	750
2.919183	750
2.922183	751
2.925783	752
2.929614	753
2.932608	754
2.937565	756
2.941424	756
2.944893	757
2.949011	758
2.952074	759
2.955339	760
2.959307	761
2.962504	762
2.966097	763
2.969876	764
2.972974	765
2.976745	766
2.979994	766
2.983046	767
2.987830	768
2.991100	769
2.994344	770
2.998420	771
3.001619	772
3.004920	773
3.009010	774
3.012045	775
3.015355	776
3.019380	776
3.022568	778
3.026554	778
3.029861	779
3.033004	780
3.037310	782
3.040794	782
3.044472	784
3.048556	784
3.051646	785
3.055022	786
3.059115	787
3.062121	788
3.065623	789
3.069429	790
3.072529	791
3.076101	792
3.079800	792
3.082824	794
3.086715	795
3.091583	796
3.095039	796
3.099032	798
3.102103	798
3.105377	799
3.109343	800
3.112426	801
3.116025	802
3.119729	803
3.122827	804
3.126728	805
3.129959	806
3.133125	806
3.136803	808
3.140870	808
3.144519	810
3.148571	810
3.151718	811
3.155068	812
3.159027	813
3.162103	814
3.165338	815
3.169282	816
3.172384	817
3.175980	818
3.179736	818
3.182763	820
3.186685	820
3.190733	822
3.194019	822
3.198064	823
3.201123	824
3.204217	825
3.208209	826
3.211217	827
3.214520	828
3.218560	829
3.221725	830
3.225069	831
3.229069	832
3.232136	832
3.235344	833
3.239858	834
3.242848	835
3.246743	836
3.249935	837
3.253084	838
3.256752	839
3.260005	840
3.263119	840
3.266829	841
3.270092	842
3.273130	843
3.276798	844
3.279962	845
3.283106	846
3.286791	846
3.290448	848
3.293583	848
3.297673	850
3.300928	850
3.304085	851
3.308123	852
3.311120	853
3.314360	854
3.318208	855
3.321290	856
3.324686	857
3.328590	858
3.331745	858
3.335951	860
3.339754	861
3.343602	862
3.347761	863
3.351385	864
3.354872	864
3.358890	865
3.361959	866
3.365176	867
3.369180	868
3.372169	869
3.375707	870
3.379557	871
3.382644	872
3.386557	873
3.389821	874
3.393607	874
3.397723	876
3.401000	876
3.404158	878
3.408154	878
3.411135	879
3.414218	880
3.418101	881
3.421227	882
3.424408	883
3.428451	884
3.431661	884
3.435035	886
3.439050	886
3.442293	887
3.445950	888
3.449700	889
3.453162	890
3.456822	891
3.460075	892
3.463111	893
3.466812	894
3.470023	894
3.473076	896
3.476742	896
3.479995	897
3.483026	898
3.486748	899
3.490002	900
3.493729	901
3.497820	902
3.500963	903
3.504137	904
3.508082	904
3.511178	905
3.514411	906
3.518419	907
3.521423	908
3.524740	909
3.528637	910
3.531744	911
3.535066	912
3.539079	913
3.542160	914
3.546746	915
3.550021	916
3.553602	916
3.557763	918
3.560994	918
3.564165	919
