0.000205	0
0.006633	0
0.009939	0
0.014637	1
0.018221	1
0.022354	2
0.025608	3
0.028746	4
0.032667	5
0.035887	6
0.039049	7
0.043050	8
0.046082	9
0.049146	11
0.053581	12
0.057102	13
0.060665	15
0.065528	17
0.068600	19
0.072695	21
0.075942	22
0.079121	25
0.083120	26
0.086248	27
0.089591	30
0.093496	31
0.096668	33
0.100034	35
0.104076	37
0.107115	39
0.110728	41
0.115304	44
0.118482	46
0.122589	48
0.125868	50
0.129032	53
0.133127	55
0.136164	57
0.139635	59
0.143590	61
0.146708	63
0.150051	66
0.154159	68
0.157361	71
0.161781	73
0.165948	76
0.169800	79
0.173938	81
0.177056	83
0.180681	85
0.184640	87
0.187662	90
0.191601	93
0.194860	94
0.198003	97
0.201769	99
0.204969	101
0.208021	103
0.211767	106
0.215327	108
0.218539	111
0.222648	113
0.225877	115
0.229050	117
0.233045	120
0.236154	122
0.239601	125
0.243561	127
0.246647	129
0.250039	132
0.254123	134
0.257371	137
0.261023	139
0.264844	142
0.268773	145
0.273345	147
0.276593	149
0.279977	152
0.284063	155
0.287308	157
0.290934	159
0.294653	161
0.297693	164
0.301643	167
0.304975	169
0.308098	171
0.312294	174
0.316260	177
0.319910	179
0.324051	181
0.327125	184
0.330729	187
0.334596	189
0.337660	191
0.341666	194
0.345002	196
0.348149	199
0.352344	201
0.356295	204
0.359793	207
0.363946	209
0.367958	212
0.371828	215
0.375358	217
0.378525	219
0.382650	222
0.385975	224
0.389382	227
0.393465	229
0.396660	231
0.400005	234
0.404084	237
0.407367	239
0.410959	241
0.414703	243
0.418553	247
0.422702	249
0.426011	251
0.429291	254
0.433442	257
0.436711	259
0.440033	261
0.444059	264
0.447311	266
0.450983	269
0.454741	271
0.457897	273
0.461722	276
0.465031	278
0.468997	281
0.473085	284
0.476641	286
0.480034	289
0.484062	291
0.487273	293
0.490927	296
0.494715	299
0.497926	301
0.501834	303
0.505295	306
0.508464	308
0.512655	311
0.515907	313
0.520019	316
0.524135	319
0.527425	321
0.531485	324
0.534760	326
0.537963	329
0.541829	331
0.545082	333
0.548133	335
0.552476	339
0.556699	341
0.560072	344
0.564193	346
0.567477	349
0.572566	352
0.575947	355
0.579910	357
0.583988	359
0.587081	362
0.590676	365
0.594648	367
0.597747	369
0.601691	372
0.604970	374
0.608047	376
0.612261	379
0.615714	381
0.618979	385
0.624697	388
0.628790	391
0.633975	394
0.637892	397
0.643031	400
0.646888	403
0.650536	405
0.654479	408
0.657619	410
0.661612	413
0.664970	415
0.668035	418
0.673060	421
0.676235	423
0.680063	425
0.684165	428
0.687464	431
0.691519	433
0.694887	435
0.698095	438
0.702261	441
0.705720	443
0.709010	445
0.713084	448
0.716119	450
0.719577	453
0.724540	455
0.727610	458
0.731617	461
0.734934	463
0.738102	465
0.742481	468
0.745848	470
0.749050	473
0.753018	475
0.756155	477
0.759590	480
0.763773	483
0.766931	485
0.770653	488
0.775126	490
0.778269	493
0.783008	496
0.786056	498
0.789391	501
0.793478	503
0.796606	505
0.799965	508
0.804062	510
0.807323	513
0.810963	515
0.814755	517
0.817900	520
0.822204	523
0.825676	525
0.828929	527
0.833040	530
0.836176	532
0.839767	535
0.843906	537
0.847072	539
0.850582	543
0.854589	545
0.857690	547
0.861682	550
0.864921	552
0.868048	555
0.873158	557
0.876226	559
0.879570	562
0.883949	565
0.887018	567
0.890602	570
0.894542	572
0.897668	575
0.901662	577
0.904966	579
0.908102	582
0.911752	584
0.915046	586
0.918179	589
0.922343	592
0.926230	594
0.929755	597
0.933877	599
0.936993	601
0.940647	604
0.944591	606
0.947742	609
0.951660	611
0.955006	613
0.958034	616
0.961787	619
0.965084	621
0.968214	623
0.972593	626
0.976679	629
0.980109	631
0.984135	633
0.987863	636
0.991651	639
0.994936	641
0.998030	643
1.001787	646
1.005099	648
1.008223	650
1.012520	653
1.015823	655
1.019076	658
1.023048	661
1.026882	663
1.030168	665
1.034148	668
1.037388	670
1.041023	673
1.044730	675
1.047858	677
1.051623	680
1.055673	683
1.059370	686
1.063413	688
1.066601	690
1.069957	693
1.080303	700
1.084474	702
1.087604	705
1.092286	708
1.095741	710
1.098973	713
1.103029	715
1.106101	717
1.109420	720
1.113493	722
1.116679	725
1.120104	727
1.124163	730
1.128060	733
1.131896	735
1.135117	737
1.138194	739
1.142344	742
1.146024	745
1.149353	747
1.153517	749
1.156661	752
1.160940	755
1.164656	757
1.167907	760
1.171683	762
1.174981	765
1.178945	767
1.183033	770
1.186059	772
1.189377	775
1.194072	777
1.197326	779
1.200940	783
1.204673	785
1.207921	787
1.211656	789
1.214961	791
1.218029	794
1.221781	797
1.225112	799
1.229034	801
1.233024	804
1.236137	806
1.239592	809
1.243593	811
1.246776	813
1.250057	816
1.254135	819
1.257356	821
1.261010	823
1.264738	825
1.267723	828
1.271634	831
1.275033	833
1.278993	836
1.283053	838
1.286231	841
1.289820	843
1.293984	846
1.297072	848
1.300691	851
1.304574	853
1.307638	855
1.311631	858
1.314932	860
1.318064	863
1.321856	865
1.325120	867
1.329022	870
1.333061	873
1.336189	875
1.339783	877
1.343906	880
1.347057	882
1.350677	885
1.354693	887
1.357853	890
1.361642	892
1.364985	895
1.368063	897
1.372534	899
1.375749	902
1.379995	905
1.384064	907
1.387075	910
1.390556	913
1.394603	915
1.398042	917
1.401828	920
1.405122	922
1.408208	924
1.412509	927
1.415770	929
1.419066	932
1.423043	934
1.426183	937
1.430213	940
1.434229	942
1.437459	944
1.441509	947
1.444792	949
1.447994	951
1.451775	954
1.455080	956
1.458201	959
1.462490	961
1.465809	963
1.468968	966
1.473062	969
1.476191	971
1.480104	974
1.484301	976
1.487546	979
1.491469	981
1.494883	983
1.497987	986
1.502688	989
1.505915	991
1.509057	993
1.513064	996
1.516197	998
1.519796	1001
1.524004	1003
1.527070	1006
1.530774	1009
1.534712	1011
1.537859	1013
1.541675	1016
1.544904	1017
1.547971	1020
1.551777	1023
1.555998	1025
1.559288	1028
1.563445	1031
1.566690	1033
1.570027	1035
1.574052	1038
1.577121	1040
1.581743	1043
1.585092	1045
1.588243	1048
1.592501	1051
1.595829	1053
1.599024	1056
1.603455	1058
1.606644	1060
1.610025	1063
1.614116	1065
1.617346	1068
1.620981	1071
1.624744	1073
1.627959	1075
1.632276	1078
1.635778	1080
1.638973	1083
1.643040	1085
1.646110	1087
1.649424	1090
1.653511	1092
1.656681	1095
1.660086	1097
1.664081	1099
1.667107	1102
1.670685	1105
1.674657	1107
1.677715	1109
1.681694	1112
1.685826	1115
1.689062	1117
1.693185	1119
1.696308	1121
1.699807	1125
1.704031	1127
1.707108	1129
1.710767	1132
1.714656	1134
1.717852	1137
1.721694	1139
1.724920	1141
1.728060	1143
1.731838	1147
1.736004	1149
1.739298	1152
1.743417	1154
1.746547	1156
1.749959	1159
1.754003	1161
1.757017	1163
1.760691	1166
1.764723	1169
1.767938	1171
1.771843	1173
1.775294	1176
1.778350	1178
1.782701	1181
1.786773	1183
1.790060	1186
1.794096	1189
1.797373	1191
1.800954	1194
1.804677	1196
1.808236	1199
1.812511	1201
1.815850	1203
1.819024	1206
1.823076	1209
1.826250	1211
1.829787	1213
1.833843	1216
1.837732	1219
1.841645	1221
1.845026	1223
1.848104	1226
1.852274	1229
1.855751	1231
1.858967	1233
1.863053	1236
1.866090	1238
1.869433	1241
1.873497	1243
1.876627	1245
1.880000	1248
1.884085	1251
1.888029	1253
1.891836	1256
1.895137	1258
1.898169	1260
1.902488	1263
1.906299	1265
1.909792	1269
1.914001	1271
1.917073	1273
1.920690	1276
1.924574	1278
1.927682	1280
1.931671	1283
1.934950	1285
1.938938	1288
1.943095	1291
1.946236	1293
1.949840	1296
1.953992	1298
1.957140	1301
1.960762	1303
1.964712	1305
1.967859	1308
1.971680	1311
1.974968	1313
1.978120	1315
1.982278	1318
1.986183	1321
1.989842	1323
1.993974	1325
1.997050	1328
2.000671	1331
2.004637	1333
2.007714	1335
2.013226	1339
2.017018	1342
2.020954	1345
2.024779	1347
2.027956	1349
2.031726	1351
2.034961	1354
2.038919	1357
2.043011	1359
2.046178	1361
2.049407	1364
2.053803	1367
2.057425	1369
2.061484	1372
2.064816	1374
2.068001	1377
2.071759	1379
2.074983	1381
2.078102	1383
2.082335	1386
2.085797	1389
2.090086	1392
2.094148	1394
2.097401	1397
2.100996	1400
2.105775	1402
2.109037	1405
2.113149	1407
2.116480	1409
2.119816	1413
2.124013	1415
2.127093	1417
2.130686	1420
2.134562	1422
2.138097	1425
2.142706	1428
2.146676	1430
2.150047	1433
2.154199	1435
2.157938	1439
2.161768	1441
2.165110	1443
2.168172	1445
2.172526	1448
2.175849	1450
2.179056	1453
2.183009	1455
2.186208	1457
2.190565	1461
2.194519	1463
2.197587	1465
2.201529	1468
2.204827	1470
2.208008	1473
2.211817	1475
2.215053	1477
2.218792	1480
2.222756	1482
2.226027	1485
2.229333	1487
2.233447	1489
2.236603	1491
2.240745	1495
2.244653	1497
2.247728	1499
2.251642	1502
2.254950	1504
2.258067	1507
2.266033	1512
2.269428	1515
2.273550	1517
2.277056	1519
2.280733	1522
2.284658	1524
2.288158	1528
2.293150	1530
2.296334	1533
2.300091	1535
2.304104	1538
2.307144	1540
2.310693	1543
2.314664	1545
2.317740	1547
2.322554	1551
2.325873	1553
2.329148	1555
2.333827	1558
2.336967	1560
2.341481	1563
2.344889	1565
2.348012	1568
2.351766	1571
2.355086	1573
2.358170	1575
2.362567	1578
2.365823	1580
2.369063	1583
2.373094	1585
2.376172	1587
2.379633	1590
2.383844	1592
2.386981	1595
2.391700	1598
2.394965	1600
2.398063	1602
2.402276	1605
2.405640	1607
2.408974	1610
2.413072	1612
2.416232	1615
2.419811	1617
2.423927	1619
2.427032	1622
2.430649	1625
2.434546	1627
2.438014	1630
2.442759	1633
2.446122	1635
2.449417	1638
2.453496	1640
2.456644	1642
2.459978	1645
2.464034	1647
2.467065	1649
2.470727	1652
2.474643	1655
2.477850	1657
2.481697	1659
2.485060	1661
2.488150	1664
2.492528	1667
2.495879	1669
2.499059	1671
2.503017	1674
2.506051	1676
2.509412	1679
2.513489	1681
2.516630	1683
2.520081	1686
2.524762	1689
2.527983	1691
2.531812	1694
2.535422	1696
2.538578	1699
2.543261	1701
2.546546	1703
2.549896	1707
2.554195	1709
2.557398	1711
2.561478	1714
2.564759	1716
2.567966	1719
2.571801	1721
2.575881	1724
2.579270	1727
2.583447	1729
2.586973	1731
2.590691	1735
2.595286	1737
2.598485	1739
2.602652	1742
2.606032	1745
2.609454	1747
2.613533	1749
2.616649	1752
2.620025	1755
2.625036	1758
2.629335	1761
2.634924	1765
2.639062	1768
2.644755	1771
2.648933	1775
2.654134	1778
2.658019	1781
2.663718	1784
2.668012	1787
2.673819	1791
2.678050	1795
2.683099	1797
2.687321	1801
2.692990	1805
2.698018	1808
2.703230	1811
2.707747	1815
2.713828	1819
2.718075	1822
2.723158	1825
2.728135	1829
2.733876	1832
2.738092	1835
2.743118	1838
2.746952	1841
2.750586	1844
2.754525	1846
2.757681	1849
2.761693	1851
2.764949	1853
2.768044	1855
2.772345	1858
2.775801	1861
2.779060	1863
2.783240	1865
2.786352	1868
2.789832	1871
2.793985	1873
2.798041	1876
2.801840	1879
2.805359	1881
2.808631	1883
2.812762	1886
2.815995	1888
2.819341	1891
2.823476	1893
2.826644	1895
2.830189	1898
2.834304	1901
2.837554	1903
2.841616	1905
2.844955	1908
2.848928	1911
2.852997	1913
2.856205	1915
2.859611	1918
2.863815	1921
2.867018	1923
2.870683	1926
2.874593	1928
2.877745	1930
2.881727	1933
2.885013	1935
2.888106	1937
2.892350	1940
2.895815	1943
2.900082	1946
2.904182	1948
2.907461	1951
2.911491	1953
2.914896	1955
2.918015	1958
2.921786	1961
2.925122	1963
2.928257	1965
2.933097	1968
2.936316	1971
2.939831	1973
2.944068	1975
2.947672	1978
2.951649	1981
2.954967	1983
2.958050	1985
2.962355	1988
2.965802	1991
2.969110	1993
2.973235	1995
2.976493	1998
2.979927	2001
2.984032	2003
2.987112	2005
2.990730	2008
2.994643	2010
2.998504	2013
3.002659	2016
3.005935	2018
3.009323	2021
3.013409	2023
3.016616	2025
3.020065	2028
3.024138	2031
3.027415	2033
3.031520	2036
3.035101	2038
3.038259	2041
3.042571	2043
3.045887	2045
3.050085	2049
3.054147	2051
3.057332	2053
3.060992	2056
3.064744	2058
3.067945	2061
3.071768	2063
3.075319	2065
3.078503	2068
3.082678	2071
3.086028	2073
3.089320	2075
3.093437	2078
3.096611	2080
3.100784	2083
3.104716	2085
3.107727	2088
3.111656	2091
3.114977	2093
3.118118	2095
3.122341	2098
3.125772	2100
3.129000	2103
3.133014	2105
3.136063	2107
3.139930	2110
3.144308	2113
3.147478	2116
3.152634	2119
3.155935	2121
3.160122	2124
3.164182	2127
3.167442	2129
3.171463	2131
3.174814	2133
3.177905	2136
3.181657	2139
3.184956	2141
3.188117	2143
3.192318	2146
3.195683	2148
3.198961	2151
3.204051	2153
3.207091	2156
3.210665	2159
3.214634	2161
3.217704	2163
3.221678	2166
3.224881	2168
3.227984	2170
3.231763	2173
3.235965	2175
3.239137	2179
3.243628	2181
3.246722	2183
3.250046	2186
3.254726	2188
3.257908	2191
3.261711	2194
3.266623	2197
3.270024	2199
3.274133	2201
3.277250	2204
3.280719	2207
3.284728	2209
3.287895	2211
3.291700	2213
3.294949	2215
3.298011	2218
3.311538	2227
3.314943	2229
3.321603	2234
3.324958	2236
3.331608	2241
3.339291	2247
3.343925	2249
3.346989	2251
3.350584	2254
3.355057	2257
3.358149	2259
3.362345	2262
3.365767	2264
3.368978	2267
3.373001	2269
3.376065	2271
3.379347	2274
3.390570	2281
3.394621	2284
3.399913	2288
3.404567	2291
3.408097	2293
3.411898	2295
3.415279	2298
3.418320	2300
3.422614	2303
3.425854	2305
3.429063	2308
3.433562	2311
3.436731	2313
3.440119	2315
3.444175	2317
3.447365	2320
3.450961	2323
3.455136	2325
3.458472	2328
3.462639	2330
3.465902	2333
3.469044	2335
3.473665	2338
3.477303	2341
3.480992	2343
3.484796	2345
3.487929	2348
3.491644	2351
3.494963	2353
3.498065	2355
3.502326	2357
3.505911	2360
3.509268	2363
3.513414	2365
3.516557	2367
3.519977	2370
3.524752	2373
3.528153	2375
3.532491	2378
3.535788	2380
3.539014	2383
3.543010	2385
3.546137	2388
3.550030	2391
3.554127	2393
3.558110	2396
3.562259	2399
3.565734	2401
3.568947	2403
3.573051	2406
3.576093	2408
3.579407	2411
3.583489	2413
3.586617	2415
3.590054	2418
3.594104	2420
3.597367	2423
3.601004	2425
3.604779	2428
3.608631	2431
3.612695	2433
3.615924	2435
3.619057	2437
3.623134	2440
3.626306	2443
3.629918	2445
3.634049	2448
3.637101	2450
3.640679	2453
3.644634	2455
3.647709	2457
3.652349	2460
3.655782	2463
3.660111	2466
3.664183	2468
3.667441	2471
3.671451	2473
3.674845	2475
3.677944	2478
3.681676	2481
3.684957	2483
3.688070	2485
3.692340	2488
3.695685	2490
3.698950	2493
3.703026	2495
3.706078	2498
3.710202	2501
