0.000387	0
0.004295	0
0.007850	1
0.011607	1
0.014686	1
0.018228	2
0.021970	2
0.024916	2
0.028817	3
0.032765	4
0.036278	4
0.040258	5
0.043265	6
0.047270	7
0.051797	8
0.054848	8
0.058337	10
0.061996	10
0.064956	11
0.068834	12
0.071989	13
0.074983	14
0.078826	16
0.082784	17
0.086333	18
0.090307	19
0.093453	20
0.097466	22
0.101467	23
0.104606	24
0.108206	25
0.111987	26
0.114960	28
0.118908	29
0.122159	30
0.125268	31
0.128974	32
0.132215	34
0.135327	35
0.139078	36
0.142310	38
0.146111	39
0.150109	40
0.153332	42
0.157284	44
0.161310	45
0.164420	46
0.167981	48
0.171855	49
0.174954	50
0.178823	52
0.182075	53
0.185199	54
0.188992	56
0.192210	57
0.195926	58
0.200048	60
0.203219	61
0.206362	62
0.210365	64
0.213395	65
0.216572	67
0.220490	68
0.223493	69
0.226886	71
0.230836	72
0.233968	73
0.237287	75
0.241325	76
0.244295	78
0.248890	80
0.252139	80
0.255220	82
0.259903	84
0.263144	85
0.266352	86
0.270372	88
0.273355	89
0.276608	91
0.280670	92
0.283807	93
0.287124	95
0.291205	96
0.294176	98
0.298822	100
0.302072	101
0.305253	102
0.309005	104
0.312262	105
0.315372	106
0.319088	108
0.322370	109
0.325450	110
0.329590	112
0.332969	113
0.336262	114
0.340331	116
0.343396	117
0.346643	119
0.351490	120
0.354668	122
0.359089	124
0.362791	125
0.366125	127
0.370272	128
0.373299	130
0.377361	131
0.381467	133
0.384713	134
0.388300	136
0.391989	137
0.395076	138
0.400035	140
0.403215	142
0.406371	143
0.410333	144
0.413340	146
0.416628	147
0.420748	148
0.423936	150
0.427285	152
0.431386	153
0.434639	154
0.438216	156
0.441985	157
0.445051	158
0.449440	160
0.452928	161
0.456233	163
0.460263	164
0.463850	166
0.467254	167
0.471330	168
0.474395	170
0.478025	172
0.481906	173
0.485002	174
0.488955	176
0.492219	177
0.495364	178
0.499807	181
0.504454	182
0.507983	184
0.516088	187
0.521812	189
0.524948	190
0.528830	192
0.532089	193
0.535312	194
0.539135	196
0.542428	197
0.545571	198
0.550455	200
0.553572	202
0.557105	204
0.561266	205
0.564864	206
0.568812	208
0.572094	209
0.575299	210
0.579004	212
0.583093	214
0.586756	215
0.590842	217
0.593988	218
0.597327	220
0.601989	221
0.605212	223
0.609024	224
0.612277	225
0.615371	227
0.619134	228
0.622363	230
0.625381	231
0.629158	232
0.632397	234
0.635425	235
0.639561	236
0.642972	238
0.646262	239
0.650341	241
0.654155	242
0.657398	244
0.661419	245
0.664646	247
0.669001	248
0.672203	249
0.675308	251
0.678997	252
0.682221	254
0.685324	255
0.689616	256
0.693021	258
0.696271	259
0.700361	261
0.704085	262
0.707350	264
0.711380	265
0.714606	266
0.718277	268
0.721956	270
0.725033	271
0.728965	272
0.732255	274
0.735372	275
0.739160	276
0.742605	278
0.745661	279
0.749927	281
0.753926	282
0.757292	284
0.761331	285
0.764429	287
0.767972	288
0.772215	290
0.775356	291
0.779096	292
0.782352	294
0.785381	295
0.789592	297
0.792953	298
0.796105	300
0.800031	301
0.803993	302
0.807286	304
0.811270	306
0.814332	307
0.817852	308
0.821657	310
0.824854	311
0.828813	312
0.832052	314
0.835175	315
0.838944	317
0.843122	318
0.847649	321
0.852620	323
0.857841	325
0.862575	326
0.866588	328
0.871991	330
0.875863	332
0.880804	334
0.884784	336
0.889952	338
0.893901	339
0.898010	341
0.902750	343
0.907951	345
0.912665	347
0.916725	349
0.921917	350
0.925673	352
0.930802	354
0.934768	356
0.940013	358
0.943907	359
0.948013	361
0.952770	363
0.958032	365
0.962754	367
0.967108	369
0.971989	370
0.975923	372
0.980902	374
0.984900	376
0.990008	378
0.993895	379
0.997579	381
1.001550	382
1.005309	384
1.009106	385
1.012473	386
1.015494	388
1.019593	390
1.023005	391
1.026247	392
1.030283	394
1.033361	395
1.036638	397
1.040788	398
1.043921	399
1.047279	401
1.051271	402
1.054256	404
1.058784	405
1.062123	406
1.065235	408
1.069028	410
1.072245	411
1.075845	412
1.079937	414
1.083930	416
1.087282	417
1.091341	418
1.094375	420
1.097850	422
1.101802	422
1.104855	424
1.109839	426
1.113097	427
1.116292	428
1.120359	430
1.123400	431
1.126608	433
1.130636	434
1.133623	436
1.137107	437
1.141170	438
1.144258	440
1.147866	442
1.151674	443
1.154898	444
1.159871	446
1.163065	448
1.166295	449
1.170332	450
1.173316	452
1.176457	453
1.181111	454
1.184179	456
1.187543	458
1.191572	459
1.194812	460
1.198326	462
1.202046	463
1.205259	465
1.210083	466
1.213316	468
1.216624	469
1.220773	470
1.223931	472
1.227337	474
1.231558	475
1.234740	476
1.238323	478
1.242052	479
1.245252	480
1.248981	482
1.252217	483
1.255373	485
1.260358	486
1.263465	488
1.266732	490
1.270835	491
1.274002	492
1.277318	494
1.281790	495
1.284871	496
1.288789	498
1.292147	499
1.295266	500
1.299028	502
1.302182	503
1.305318	505
1.309481	506
1.312857	508
1.316099	509
1.320114	510
1.323300	512
1.326378	513
1.330357	514
1.333406	516
1.336628	518
1.340755	519
1.343942	520
1.347294	522
1.351345	523
1.354378	524
1.357778	526
1.362646	528
1.365798	529
1.369897	530
1.373149	532
1.377305	534
1.381362	535
1.385026	536
1.389010	538
1.392215	539
1.395294	541
1.399020	542
1.402228	543
1.405328	545
1.409052	546
1.413085	548
1.416291	549
1.420356	550
1.423418	552
1.426678	553
1.430838	555
1.433992	556
1.437341	558
1.441382	559
1.444433	560
1.447997	562
1.451889	563
1.455002	564
1.459000	566
1.462967	568
1.466233	569
1.470343	570
1.473404	572
1.476643	574
1.482085	575
1.485654	577
1.489966	578
1.493283	580
1.496452	582
1.500465	583
1.503504	584
1.506731	586
1.510842	590
1.522073	591
1.528970	594
1.532209	595
1.538989	598
1.542227	600
1.548951	602
1.554699	604
1.558324	606
1.562398	608
1.565484	609
1.569793	610
1.573037	612
1.576304	614
1.580515	615
1.584384	616
1.588052	618
1.591871	619
1.594905	621
1.598855	625
1.610358	627
1.614775	629
1.619645	631
1.623168	632
1.626606	634
1.630661	635
1.633897	636
1.637263	638
1.641254	640
1.644341	641
1.647861	642
1.651606	644
1.654777	645
1.658332	646
1.662045	648
1.665866	649
1.669998	651
1.673267	652
1.676372	654
1.680372	655
1.683491	656
1.686739	658
1.691385	660
1.694468	661
1.698054	662
1.701935	664
1.705013	665
1.708958	667
1.712201	668
1.716081	670
1.720040	671
1.723249	672
1.726424	674
1.730442	675
1.733577	676
1.736972	678
1.740916	680
1.743999	681
1.747316	682
1.751332	684
1.754406	685
1.758010	686
1.761885	688
1.765541	690
1.769798	691
1.773103	692
1.776293	694
1.780350	695
1.783419	696
1.786712	698
1.790747	700
1.794202	701
1.797478	702
1.801466	704
1.804465	705
1.808055	707
1.811946	708
1.815344	710
1.819143	711
1.822416	712
1.825361	714
1.829083	715
1.832336	716
1.835805	718
1.839988	720
1.843215	721
1.846382	722
1.850357	724
1.853439	725
1.856717	726
1.860788	728
1.863968	730
1.868228	731
1.871978	732
1.874950	734
1.878908	735
1.882260	736
1.885292	738
1.889109	739
1.892472	740
1.895955	742
1.899978	744
1.903240	745
1.906415	746
1.910396	748
1.913501	749
1.917572	751
1.921565	752
1.924649	754
1.928229	755
1.932020	756
1.935064	758
1.938995	759
1.942269	760
1.945366	762
1.949146	764
1.952628	765
1.955666	766
1.959860	768
1.963133	769
1.966344	771
1.971237	772
1.974223	774
1.977471	775
1.981812	776
1.984854	778
1.988901	780
1.992168	781
1.995285	782
1.999357	784
2.002773	785
2.005897	786
2.009992	788
2.013231	789
2.016454	791
2.021328	792
2.024329	794
2.027868	795
2.031834	796
2.034882	798
2.038822	800
2.042088	801
2.045273	802
2.048980	804
2.052237	805
2.055352	806
2.059037	808
2.062289	809
2.065365	810
2.070299	812
2.073289	813
2.076566	815
2.080703	816
2.084641	818
2.088309	820
2.091995	821
2.095169	822
2.098955	824
2.102729	825
2.105923	826
2.110049	828
2.113211	830
2.116371	831
2.121140	832
2.124236	834
2.127540	836
2.131550	837
2.134785	838
2.138315	840
2.141983	841
2.145054	842
2.148919	844
2.152174	845
2.155318	846
2.158983	848
2.162237	849
2.165387	850
2.169554	852
2.172945	854
2.176236	855
2.180096	856
2.183248	858
2.186384	859
2.190376	860
2.193356	862
2.196668	863
2.200763	864
2.204249	866
2.207897	868
2.211794	869
2.214851	870
2.218342	872
2.222836	874
2.226067	875
2.230017	876
2.233168	878
2.236338	879
2.240345	880
2.243329	882
2.246593	883
2.250698	884
2.253875	886
2.257266	887
2.261294	888
2.264376	890
2.267932	892
2.272346	893
2.275474	894
2.279636	896
2.282963	898
2.286233	899
2.290374	900
2.293445	902
2.296708	903
2.300807	904
2.303949	906
2.307922	908
2.311799	909
2.314925	910
2.318779	912
2.322885	913
2.326210	915
2.330087	916
2.333218	918
2.336382	919
2.340415	920
2.343401	922
2.351457	925
2.354683	926
2.358228	928
2.362192	929
2.365361	930
2.369100	932
2.373162	934
2.377274	935
2.381330	937
2.384457	938
2.388046	940
2.391930	941
2.395012	942
2.398938	944
2.402192	945
2.405342	947
2.409990	948
2.413307	950
2.416580	951
2.420734	953
2.424402	954
2.427888	956
2.431814	957
2.434875	958
2.438787	960
2.442099	961
2.445325	962
2.449029	964
2.452318	965
2.455390	967
2.459150	968
2.462361	970
2.465388	971
2.469088	972
2.472847	974
2.476099	975
2.480272	976
2.483363	978
2.486673	980
2.490780	981
2.493993	982
2.497319	984
2.501342	985
2.504394	986
2.507977	988
2.512145	989
2.515258	991
2.519053	992
2.522228	994
2.526233	995
2.530307	997
2.533366	998
2.536635	1000
2.540720	1001
2.543901	1002
2.547267	1004
2.551297	1005
2.554414	1006
2.557999	1008
2.561850	1009
2.564886	1011
2.568807	1012
2.572000	1014
2.575628	1015
2.579930	1017
2.583878	1018
2.587319	1020
2.591355	1021
2.594420	1022
2.597989	1024
2.601815	1026
2.604897	1027
2.608809	1028
2.612069	1030
2.615235	1031
2.618999	1032
2.622266	1034
2.626099	1036
2.630056	1037
2.633271	1038
2.636375	1040
2.640383	1041
2.643466	1042
2.646668	1044
2.650720	1045
2.653936	1046
2.657280	1048
2.661285	1050
2.664415	1051
2.668049	1052
2.671950	1054
2.675637	1055
2.679950	1057
2.683192	1058
2.686345	1060
2.690446	1061
2.693603	1062
2.697118	1064
2.701306	1066
2.704400	1067
2.708008	1068
2.711900	1070
2.715438	1072
2.719605	1073
2.723001	1074
2.727154	1076
2.731258	1078
2.734433	1079
2.738051	1080
2.741951	1082
2.745038	1083
2.748976	1085
2.752285	1086
2.755390	1088
2.759131	1089
2.762445	1090
2.765471	1092
2.769674	1093
2.773059	1094
2.777250	1096
2.781345	1098
2.784414	1099
2.788054	1101
2.791979	1102
2.795043	1104
2.798954	1105
2.802226	1106
2.805318	1108
2.809078	1109
2.812406	1110
2.815470	1112
2.820056	1114
2.823327	1115
2.827217	1116
2.831286	1118
2.834330	1119
2.837982	1121
2.842025	1122
2.845936	1124
2.851274	1126
2.855302	1128
2.860777	1130
2.864749	1132
2.869995	1134
2.873992	1136
2.880000	1138
2.883968	1140
2.888053	1141
2.892301	1142
2.895436	1144
2.899588	1146
2.903010	1147
2.906297	1148
2.910375	1150
2.913507	1151
2.916972	1153
2.921136	1154
2.924182	1155
2.927467	1157
2.932102	1158
2.935243	1160
2.939020	1162
2.942316	1163
2.945385	1164
2.949089	1166
2.952374	1167
2.955392	1168
2.959149	1170
2.962461	1171
2.965517	1172
2.969659	1174
2.973084	1175
2.976287	1176
2.980849	1178
2.984023	1180
2.987346	1181
2.991484	1182
2.994673	1184
2.998286	1186
3.002042	1187
3.005236	1188
3.008977	1190
3.012239	1191
3.015373	1192
3.019053	1194
3.022829	1195
3.026188	1196
3.030849	1198
3.033968	1200
3.037293	1201
3.041374	1202
3.044472	1204
3.048054	1206
3.051969	1207
3.055187	1208
3.058971	1210
3.062237	1211
3.065366	1212
3.069112	1214
3.072369	1215
3.075451	1216
3.079610	1218
3.084710	1220
3.088799	1222
3.092093	1223
3.095242	1224
3.098974	1226
3.102249	1227
3.105368	1228
3.109135	1230
3.112420	1231
3.115593	1232
3.119859	1234
3.123108	1236
3.126972	1237
3.131339	1238
3.134440	1240
3.138052	1242
3.141940	1243
3.145017	1244
3.148941	1246
3.152185	1247
3.155344	1248
3.158961	1250
3.162223	1251
3.165343	1252
3.169013	1254
3.172235	1255
3.175337	1256
3.178999	1258
3.183042	1259
3.186287	1261
3.190332	1262
3.193297	1263
3.196629	1265
3.200611	1266
3.203625	1268
3.206985	1269
3.211121	1270
3.214177	1272
3.217467	1273
3.221491	1274
3.224694	1276
3.228289	1278
3.232438	1279
3.235604	1280
3.239810	1282
3.242974	1283
3.246251	1285
3.250111	1286
3.253279	1288
3.256444	1289
3.260340	1290
3.263320	1292
3.266454	1293
3.270324	1294
3.273318	1296
3.276590	1297
3.280729	1299
3.284501	1300
3.288059	1302
3.291937	1303
3.294981	1304
3.298906	1306
3.302143	1307
3.305321	1308
3.309023	1310
3.312269	1311
3.315428	1312
3.319133	1314
3.322461	1315
3.325561	1316
3.330038	1318
3.333576	1320
3.337138	1322
3.341284	1323
3.344417	1324
3.347900	1326
3.351800	1327
3.354870	1328
3.358817	1330
3.362284	1331
3.365362	1333
3.369027	1334
3.372243	1335
3.375488	1337
3.379810	1338
3.383055	1340
3.387275	1342
3.391324	1343
3.394377	1344
3.397832	1346
3.401814	1347
3.404853	1349
3.408814	1350
3.412021	1352
3.415096	1353
3.418970	1354
3.422139	1356
3.425270	1357
3.429023	1358
3.432858	1360
3.436957	1362
3.440892	1363
3.443976	1364
3.447283	1366
3.451275	1367
3.454399	1368
3.457982	1370
3.461839	1372
3.464957	1373
3.468912	1374
3.472179	1376
3.475318	1377
3.479012	1378
3.482260	1380
3.485526	1381
3.489868	1383
3.493168	1384
3.496320	1386
3.500331	1387
3.503402	1388
3.506579	1390
3.510484	1391
3.513572	1392
3.516930	1394
3.520943	1395
3.524004	1396
3.527298	1398
3.531275	1400
3.534899	1402
3.539885	1403
3.543199	1404
3.546363	1406
3.550383	1407
3.553510	1408
3.556740	1410
3.560837	1411
3.563986	1412
3.567299	1414
3.571261	1416
3.574316	1417
3.577865	1418
3.582032	1420
3.585418	1422
3.590368	1423
3.593409	1424
3.596636	1426
3.600653	1428
3.603823	1429
3.607244	1430
3.611234	1432
3.614264	1433
3.617533	1434
3.621535	1436
3.624777	1439
3.632214	1440
3.635240	1442
3.640600	1444
3.643635	1445
3.647091	1446
3.651254	1448
