0.000596	0
0.007147	0
0.011058	0
0.014371	1
0.017539	2
0.021362	2
0.024625	3
0.028738	4
0.032522	5
0.036083	6
0.040317	8
0.043692	9
0.046838	11
0.050853	12
0.054394	14
0.057644	16
0.061463	18
0.064837	19
0.068775	22
0.071941	24
0.075401	26
0.079565	28
0.083693	30
0.086855	33
0.090887	35
0.094461	38
0.098533	40
0.101658	42
0.105117	45
0.108765	47
0.111997	50
0.115424	52
0.119603	55
0.122910	58
0.126395	61
0.130601	64
0.135085	66
0.138726	69
0.141940	72
0.145462	74
0.149611	78
0.152884	80
0.160468	86
0.163921	89
0.167232	92
0.171209	94
0.174968	98
0.178808	100
0.181965	104
0.186594	108
0.190783	110
0.194147	113
0.197448	116
0.201462	119
0.205101	122
0.208783	124
0.211967	127
0.215427	130
0.219596	134
0.222892	136
0.226382	140
0.230562	143
0.235497	147
0.239632	150
0.242931	153
0.246439	156
0.250782	159
0.254255	162
0.257546	166
0.261427	168
0.264818	171
0.268790	174
0.271991	177
0.275513	180
0.279685	183
0.282957	187
0.287381	190
0.291377	193
0.294809	196
0.298769	199
0.302024	202
0.305409	205
0.309479	208
0.312813	211
0.316382	215
0.320557	218
0.324006	220
0.328775	224
0.332026	227
0.336720	232
0.340923	234
0.344447	238
0.347757	241
0.351886	244
0.355426	247
0.359539	250
0.362873	253
0.366431	257
0.370618	260
0.373944	262
0.377328	266
0.381208	268
0.384759	272
0.389776	276
0.393036	278
0.396553	282
0.400777	285
0.404277	288
0.408752	292
0.411971	294
0.415486	297
0.419651	300
0.422909	304
0.426405	307
0.430701	310
0.433966	313
0.439524	318
0.442870	320
0.446437	324
0.450629	327
0.453992	330
0.457333	333
0.461395	336
0.464813	339
0.468798	342
0.471978	345
0.475453	348
0.479688	351
0.483007	354
0.486506	358
0.491406	361
0.494821	364
0.498745	368
0.501964	370
0.505457	373
0.509647	376
0.512906	380
0.516378	383
0.520599	386
0.523962	389
0.527329	392
0.531344	395
0.534803	398
0.539967	402
0.543231	405
0.546828	409
0.551038	412
0.554587	415
0.558743	418
0.561945	421
0.565396	424
0.569624	427
0.572929	430
0.576443	434
0.580764	437
0.584265	440
0.587546	444
0.592340	446
0.595875	450
0.600145	453
0.603676	456
0.607006	460
0.611129	462
0.614730	465
0.618753	468
0.621963	472
0.625426	474
0.629641	478
0.633017	481
0.636489	485
0.641858	488
0.645368	491
0.649519	494
0.652833	498
0.656336	501
0.660579	504
0.663907	507
0.667315	510
0.671330	513
0.674800	516
0.678772	519
0.682037	522
0.685480	525
0.690032	529
0.693390	532
0.696968	536
0.701090	538
0.704715	541
0.708792	544
0.711996	547
0.715425	550
0.719599	554
0.722944	557
0.726425	560
0.730630	563
0.734060	566
0.737460	570
0.742354	573
0.746327	577
0.750564	580
0.754011	583
0.757321	586
0.761334	589
0.764794	592
0.768778	595
0.772001	598
0.775526	601
0.779648	604
0.782916	607
0.786442	611
0.791410	614
0.794812	617
0.798787	620
0.801993	623
0.805495	626
0.809683	630
0.812948	632
0.816467	636
0.820717	639
0.824035	642
0.827365	645
0.831409	648
0.834870	651
0.838800	654
0.842890	658
0.846933	662
0.851075	664
0.854550	668
0.858629	671
0.861925	674
0.865468	676
0.869601	680
0.872904	684
0.876781	687
0.880884	690
0.884534	692
0.888710	696
0.892435	700
0.896286	702
0.900374	706
0.903937	710
0.908771	713
0.911996	716
0.915558	719
0.919647	722
0.922920	726
0.926608	729
0.930826	732
0.934437	735
0.937713	738
0.941848	742
0.946335	746
0.951036	749
0.954502	752
0.958746	755
0.962017	758
0.965495	761
0.969634	764
0.972938	767
0.976456	771
0.981007	774
0.984481	777
0.988713	780
0.991943	784
0.996314	788
1.000491	790
1.003993	794
1.007322	797
1.011339	800
1.014756	802
1.018754	806
1.022003	808
1.025539	812
1.029710	815
1.032953	818
1.036508	822
1.040627	824
1.044597	828
1.048771	831
1.052026	834
1.055601	837
1.059728	840
1.062998	843
1.066516	847
1.070748	850
1.074145	852
1.077529	856
1.081574	858
1.085061	862
1.088757	865
1.091984	868
1.096416	872
1.100601	875
1.103982	878
1.107318	881
1.111337	884
1.114848	887
1.118792	890
1.121992	893
1.125431	896
1.129712	899
1.133002	902
1.136489	906
1.140628	908
1.144136	912
1.148779	915
1.151968	918
1.156262	922
1.160486	925
1.163970	928
1.167240	932
1.171141	934
1.174698	937
1.178760	940
1.182000	943
1.185437	946
1.189633	950
1.192887	952
1.196756	956
1.200847	959
1.205727	964
1.210352	967
1.213877	970
1.217221	974
1.221201	976
1.224629	979
1.228755	982
1.232000	985
1.235423	988
1.239655	992
1.242937	994
1.246444	999
1.251374	1001
1.255590	1006
1.260521	1009
1.263985	1012
1.267317	1016
1.271167	1018
1.274629	1021
1.278777	1024
1.281996	1027
1.285409	1030
1.289586	1034
1.292906	1036
1.296439	1041
1.301370	1044
1.304799	1046
1.308752	1050
1.311994	1052
1.315460	1055
1.319613	1059
1.322908	1062
1.326927	1066
1.331162	1068
1.334610	1072
1.338761	1075
1.342004	1078
1.345567	1081
1.350473	1085
1.353943	1088
1.357339	1092
1.361978	1094
1.365458	1098
1.369647	1101
1.372955	1106
1.380254	1110
1.383748	1113
1.387158	1116
1.391166	1119
1.394619	1122
1.398629	1130
1.408824	1134
1.418792	1142
1.422141	1146
1.428787	1151
1.438744	1159
1.442024	1162
1.447175	1167
1.451586	1170
1.455154	1173
1.459411	1177
1.463070	1180
1.466572	1184
1.470736	1186
1.474124	1189
1.477554	1193
1.481556	1196
1.485023	1198
1.488780	1202
1.491991	1204
1.502197	1213
1.507246	1218
1.513941	1223
1.517521	1226
1.521568	1230
1.525564	1232
1.529696	1236
1.532989	1239
1.536493	1242
1.540810	1246
1.544394	1248
1.547717	1252
1.551837	1256
1.556338	1258
1.560469	1262
1.563886	1266
1.567686	1269
1.571639	1272
1.575240	1274
1.579375	1278
1.582733	1281
1.586273	1284
1.590514	1288
1.593903	1290
1.597236	1294
1.601202	1297
1.605501	1300
1.609674	1304
1.612923	1306
1.616480	1310
1.620749	1313
1.624125	1316
1.627570	1320
1.631516	1322
1.635001	1325
1.638794	1328
1.642010	1331
1.645461	1334
1.649668	1337
1.652997	1341
1.657397	1344
1.661323	1347
1.664806	1351
1.669532	1354
1.672877	1357
1.676346	1360
1.680574	1364
1.683941	1366
1.687324	1370
1.691169	1372
1.694722	1376
1.698746	1379
1.701981	1382
1.706352	1386
1.710562	1389
1.713947	1392
1.717332	1395
1.721365	1398
1.724802	1401
1.728820	1404
1.731983	1407
1.735433	1410
1.739634	1413
1.742898	1416
1.746385	1420
1.750610	1423
1.754145	1427
1.760048	1430
1.763388	1434
1.766807	1438
1.771365	1440
1.774764	1443
1.778771	1446
1.781981	1449
1.785433	1452
1.789595	1456
1.792893	1458
1.796443	1462
1.800586	1465
1.804061	1468
1.808769	1472
1.811958	1474
1.815442	1478
1.819577	1481
1.822863	1485
1.828891	1489
1.833004	1493
1.837179	1497
1.841216	1499
1.844628	1502
1.848724	1506
1.851953	1508
1.855456	1512
1.860504	1516
1.863921	1518
1.867338	1522
1.871877	1525
1.875620	1528
1.879801	1532
1.883178	1535
1.886699	1538
1.890878	1541
1.894502	1544
1.898614	1548
1.901994	1550
1.905457	1554
1.910483	1558
1.914040	1561
1.917363	1564
1.921356	1567
1.924819	1570
1.928773	1573
1.932039	1576
1.935467	1579
1.939758	1582
1.943000	1586
1.946502	1589
1.950798	1592
1.954377	1595
1.958952	1599
1.962226	1602
1.965818	1604
1.969886	1608
1.973120	1611
1.976697	1615
1.980883	1618
1.984412	1620
1.987688	1624
1.991581	1626
1.995082	1630
1.998779	1632
2.002115	1636
2.005593	1638
2.010434	1642
2.013955	1646
2.017318	1649
2.021315	1652
2.024781	1654
2.028784	1658
2.032038	1661
2.035451	1664
2.039607	1667
2.042902	1670
2.046508	1674
2.050718	1676
2.054111	1679
2.057527	1684
2.062431	1686
2.066161	1690
2.070347	1693
2.073812	1696
2.077670	1700
2.081577	1702
2.085033	1705
2.088838	1708
2.092128	1712
2.095589	1714
2.099766	1718
2.103033	1720
2.106565	1724
2.111552	1728
2.115071	1730
2.118732	1734
2.121965	1736
2.125499	1740
2.129703	1743
2.132935	1746
2.136557	1750
2.140747	1752
2.144114	1755
2.147482	1758
2.151455	1761
2.156395	1766
2.161176	1772
2.168733	1776
2.171988	1780
2.177208	1784
2.181665	1787
2.185124	1790
2.188787	1792
2.191995	1796
2.195413	1798
2.199587	1802
2.202924	1805
2.206427	1808
2.210785	1812
2.215226	1815
2.218783	1818
2.221983	1821
2.225428	1824
2.229634	1827
2.232942	1830
2.236452	1834
2.240742	1837
2.244226	1840
2.247503	1843
2.251448	1846
2.255773	1850
2.260473	1854
2.264852	1857
2.268769	1860
2.271967	1863
2.275476	1866
2.279667	1870
2.283681	1873
2.286996	1876
2.291164	1879
2.294601	1882
2.298728	1886
2.301939	1888
2.305429	1891
2.309580	1894
2.313132	1898
2.316753	1902
2.320837	1904
2.324398	1908
2.328849	1911
2.332106	1914
2.335668	1917
2.339772	1920
2.343034	1923
2.346575	1927
2.350804	1930
2.354437	1933
2.358784	1936
2.361973	1940
2.366379	1944
2.370511	1946
2.373931	1949
2.377350	1953
2.381350	1956
2.384758	1958
2.388727	1962
2.391951	1964
2.395454	1967
2.399617	1971
2.402902	1974
2.406491	1978
2.410634	1980
2.414563	1984
2.418745	1987
2.421971	1990
2.425501	1992
2.429592	1996
2.432891	1999
2.436392	2002
2.440728	2006
2.444125	2008
2.447464	2012
2.451365	2014
2.454871	2018
2.458760	2020
2.461964	2023
2.466317	2028
2.470494	2030
2.473980	2034
2.477333	2037
2.481319	2040
2.484799	2043
2.489609	2046
2.492904	2050
2.496318	2053
2.500561	2056
2.504065	2059
2.507409	2062
2.511394	2065
2.514856	2068
2.519847	2072
2.523127	2075
2.526586	2078
2.530802	2081
2.534363	2084
2.537667	2088
2.541586	2090
2.545058	2093
2.548823	2096
2.552118	2100
2.555599	2102
2.559745	2106
2.563000	2108
2.567352	2113
2.571372	2116
2.574765	2118
2.578745	2122
2.581994	2124
2.585535	2127
2.590233	2131
2.593609	2134
2.596844	2138
2.600877	2140
2.604421	2144
2.607728	2147
2.611865	2150
2.615354	2153
2.620408	2157
2.623781	2160
2.627173	2163
2.631198	2166
2.634712	2169
2.638781	2172
2.641965	2175
2.645416	2178
2.649610	2181
2.652873	2184
2.656389	2188
2.660596	2191
2.664015	2194
2.668701	2198
2.671986	2200
2.675539	2203
2.679696	2206
2.682919	2210
2.686497	2214
2.691110	2216
2.694579	2219
2.698707	2223
2.701938	2226
2.705455	2228
2.709650	2232
2.712912	2235
2.716477	2239
2.721365	2242
2.724799	2245
2.728793	2248
2.731960	2251
2.735410	2254
2.739597	2257
2.742886	2260
2.746388	2264
2.750572	2267
2.754014	2270
2.758737	2274
2.761949	2276
2.765422	2279
2.770308	2284
2.773728	2286
2.777137	2290
2.781116	2292
2.784723	2295
2.788747	2298
2.791970	2302
2.795874	2305
2.799982	2308
2.803327	2311
2.806779	2315
2.810876	2318
2.814444	2320
2.817714	2324
2.822769	2328
2.826325	2331
2.830480	2334
2.833850	2337
2.837229	2340
2.841315	2343
2.844812	2346
2.848749	2349
2.851958	2352
2.855420	2355
2.859601	2358
2.862917	2362
2.866381	2365
2.871158	2368
2.875076	2372
2.878770	2374
2.881967	2378
2.885438	2380
2.889675	2384
2.892984	2387
2.896883	2391
2.901097	2394
2.904735	2396
2.908771	2400
2.911979	2403
2.915423	2406
2.919649	2410
2.923915	2413
2.927314	2416
2.931336	2419
2.934805	2422
2.938778	2425
2.942051	2428
2.945488	2431
2.949770	2434
2.953029	2438
2.956528	2441
2.960772	2444
2.964307	2447
2.967628	2450
2.971965	2453
2.975426	2456
2.979616	2460
2.982911	2462
2.986447	2466
2.990612	2469
2.994000	2472
2.998580	2476
3.001940	2478
3.005432	2482
3.009577	2485
3.012906	2488
3.016535	2492
3.020718	2495
3.025043	2498
3.028829	2501
3.032149	2504
3.035578	2507
3.039723	2510
3.042986	2513
3.046492	2517
3.050747	2520
3.054245	2523
3.057568	2526
3.061574	2529
3.065004	2532
3.068770	2535
3.071960	2538
3.076337	2542
3.080528	2545
3.083946	2548
3.087349	2552
3.091340	2554
3.094783	2557
3.098789	2560
3.102754	2564
3.106390	2568
3.110480	2570
3.113907	2573
3.117332	2576
3.121358	2580
3.125681	2583
3.129794	2586
3.133145	2590
3.136607	2593
3.140886	2596
3.144460	2599
3.148629	2602
3.151942	2605
3.155423	2608
3.159579	2612
3.162882	2614
3.166449	2618
3.170700	2621
3.174625	2624
3.178746	2628
3.182047	2630
3.185536	2634
3.189750	2637
3.192997	2640
3.196559	2644
3.200736	2647
3.204809	2650
3.208789	2653
3.211999	2656
3.215551	2659
3.219694	2662
3.222982	2666
3.227334	2670
3.231209	2672
3.234726	2675
3.238777	2678
3.242003	2681
3.245449	2684
3.249624	2688
3.252919	2692
3.257664	2695
3.261616	2698
3.265144	2701
3.268758	2704
3.271995	2706
3.276043	2710
3.280356	2714
3.283896	2717
3.287238	2720
3.291320	2723
3.294776	2726
3.298774	2729
3.302042	2732
3.306093	2736
3.310359	2739
3.313891	2742
3.317222	2746
3.321203	2748
3.324623	2752
3.330243	2756
3.333790	2758
3.337192	2762
3.341202	2765
3.344758	2768
3.348780	2771
3.352021	2774
3.355465	2777
3.359641	2780
3.362962	2784
3.366449	2787
3.370630	2790
3.374229	2793
3.378871	2796
3.382149	2800
3.385599	2802
3.389838	2806
3.393159	2809
3.396617	2812
3.400887	2815
3.404450	2818
3.408744	2822
3.411969	2824
3.415454	2828
3.419619	2831
3.422909	2834
3.426458	2838
3.431207	2841
3.434746	2844
3.438779	2847
3.442001	2850
3.445547	2853
3.449662	2856
3.453650	2860
3.456983	2864
3.461103	2866
3.464593	2869
3.468746	2872
3.471978	2875
3.475478	2878
3.480338	2882
3.483783	2885
3.487209	2889
3.491166	2891
3.494617	2894
3.498628	2898
3.501935	2900
3.505455	2903
3.510031	2908
3.513363	2910
3.516789	2914
3.520841	2916
3.524398	2920
3.527730	2923
3.532475	2926
3.536204	2930
3.540438	2933
3.543945	2936
3.547354	2940
3.551330	2942
3.554771	2945
3.558785	2948
3.561988	2951
3.565470	2954
3.569666	2958
3.572930	2960
3.576499	2964
3.581463	2968
3.584843	2970
3.588729	2974
3.591968	2976
3.595525	2980
3.599736	2983
3.602965	2986
3.606556	2990
3.610722	2992
3.614761	2996
3.618788	2999
3.622041	3002
3.625553	3005
3.629699	3009
3.633916	3012
3.637341	3016
3.641247	3018
3.644746	3021
3.648784	3024
3.652076	3028
3.655472	3030
3.659634	3034
3.662946	3036
3.666477	3040
3.670703	3043
3.673996	3046
3.677432	3050
3.682376	3053
3.685875	3056
3.690137	3060
3.693414	3062
3.696856	3066
3.701029	3068
3.704519	3072
3.708709	3075
3.711976	3078
3.715804	3081
3.720054	3085
3.723380	3088
3.727247	3092
3.731911	3095
3.735407	3098
3.739627	3101
3.742956	3104
3.746406	3108
3.750628	3110
3.754135	3114
3.758761	3117
3.761964	3120
3.765432	3123
3.769598	3126
3.772910	3130
3.776402	3133
3.780733	3137
3.785222	3140
3.789478	3143
3.792823	3146
3.796381	3150
3.800700	3153
3.804028	3156
