   0.0000000000000000        4.9092974268256819     
   1.0000000000000000E-002   4.9050905633252011     
   2.0000000000000000E-002   4.9007931915226273     
   2.9999999999999999E-002   4.8964057411515602     
   4.0000000000000001E-002   4.8919286509533793     
   5.0000000000000003E-002   4.8873623686333758     
   5.9999999999999998E-002   4.8827073508159744     
   7.0000000000000007E-002   4.8779640629990784     
   8.0000000000000002E-002   4.8731329795075169     
   8.9999999999999997E-002   4.8682145834456128     
  0.10000000000000001        4.8632093666488734     
  0.11000000000000000        4.8581178296348089     
  0.12000000000000000        4.8529404815528761     
  0.13000000000000000        4.8476778401335698     
  0.14000000000000001        4.8423304316366460     
  0.14999999999999999        4.8368987907984975     
  0.16000000000000000        4.8313834607786834     
  0.17000000000000001        4.8257849931056080     
  0.17999999999999999        4.8201039476213738     
  0.19000000000000000        4.8143408924257960     
  0.20000000000000001        4.8084964038195901     
  0.20999999999999999        4.8025710662467471     
  0.22000000000000000        4.7965654722360869     
  0.23000000000000001        4.7904802223420049     
  0.23999999999999999        4.7843159250844201     
  0.25000000000000000        4.7780731968879211     
  0.26000000000000001        4.7717526620201260     
  0.27000000000000002        4.7653549525292540     
  0.28000000000000003        4.7588807081809215     
  0.28999999999999998        4.7523305763941703     
  0.29999999999999999        4.7457052121767198     
  0.31000000000000000        4.7390052780594711     
  0.32000000000000001        4.7322314440302513     
  0.33000000000000002        4.7253843874668195     
  0.34000000000000002        4.7184647930691259     
  0.35000000000000003        4.7114733527908443     
  0.35999999999999999        4.7044107657701764     
  0.37000000000000000        4.6972777382599382     
  0.38000000000000000        4.6900749835569364     
  0.39000000000000001        4.6828032219306399     
  0.40000000000000002        4.6754631805511506     
  0.41000000000000003        4.6680555934164909     
  0.41999999999999998        4.6605812012792009     
  0.42999999999999999        4.6530407515722647     
  0.44000000000000000        4.6454349983343706     
  0.45000000000000001        4.6377647021345041     
  0.46000000000000002        4.6300306299958924     
  0.47000000000000003        4.6222335553193048     
  0.47999999999999998        4.6143742578057116     
  0.48999999999999999        4.6064535233783150     
  0.50000000000000000        4.5984721441039564     
  0.51000000000000001        4.5904309181139133     
  0.52000000000000002        4.5823306495240814     
  0.53000000000000003        4.5741721483545721     
  0.54000000000000004        4.5659562304487027     
  0.55000000000000004        4.5576837173914173     
  0.56000000000000005        4.5493554364271267     
  0.57000000000000006        4.5409722203769878     
  0.57999999999999996        4.5325349075556209     
  0.58999999999999997        4.5240443416872758     
  0.59999999999999998        4.5155013718214638     
  0.60999999999999999        4.5069068522480533     
  0.62000000000000000        4.4982616424118387     
  0.63000000000000000        4.4895666068265996     
  0.64000000000000001        4.4808226149886483     
  0.65000000000000002        4.4720305412898824     
  0.66000000000000003        4.4631912649303453     
  0.67000000000000004        4.4543056698303065     
  0.68000000000000005        4.4453746445418716     
  0.69000000000000006        4.4363990821601265     
  0.70000000000000007        4.4273798802338300     
  0.70999999999999996        4.4183179406756592     
  0.71999999999999997        4.4092141696720173     
  0.72999999999999998        4.4000694775924192     
  0.73999999999999999        4.3908847788984522     
  0.75000000000000000        4.3816609920523319     
  0.76000000000000001        4.3723990394250558     
  0.77000000000000002        4.3630998472041682     
  0.78000000000000003        4.3537643453011423     
  0.79000000000000004        4.3443934672583904     
  0.80000000000000004        4.3349881501559047     
  0.81000000000000005        4.3255493345175600     
  0.82000000000000006        4.3160779642170537     
  0.83000000000000007        4.3065749863835228     
  0.83999999999999997        4.2970413513068326     
  0.84999999999999998        4.2874780123425440     
  0.85999999999999999        4.2778859258165864     
  0.87000000000000000        4.2682660509296175     
  0.88000000000000000        4.2586193496611111     
  0.89000000000000001        4.2489467866731525     
  0.90000000000000002        4.2392493292139823     
  0.91000000000000003        4.2295279470212641     
  0.92000000000000004        4.2197836122251173     
  0.93000000000000005        4.2100172992508993     
  0.94000000000000006        4.2002299847217701     
  0.95000000000000007        4.1904226473610269     
  0.95999999999999996        4.1805962678942326     
  0.96999999999999997        4.1707518289511460     
  0.97999999999999998        4.1608903149674559     
  0.98999999999999999        4.1510127120863443     
   1.0000000000000000        4.1411200080598674     
   1.0100000000000000        4.1312131921501845     
   1.0200000000000000        4.1212932550306300     
   1.0300000000000000        4.1113611886866499     
   1.0400000000000000        4.1014179863166023     
   1.0500000000000000        4.0914646422324372     
   1.0600000000000001        4.0815021517602688     
   1.0700000000000001        4.0715315111408437     
   1.0800000000000001        4.0615537174299128     
   1.0900000000000001        4.0515697683985348     
   1.1000000000000001        4.0415806624332902     
   1.1100000000000001        4.0315873984364536     
   1.1200000000000001        4.0215909757260961     
   1.1300000000000001        4.0115923939361586     
   1.1400000000000001        4.0015926529164867     
   1.1500000000000001        3.9915927526328510     
   1.1599999999999999        3.9815936930669462     
   1.1699999999999999        3.9715964741163963     
   1.1799999999999999        3.9616020954947651     
   1.1899999999999999        3.9516115566315859     
   1.2000000000000000        3.9416258565724198     
   1.2100000000000000        3.9316459938789521     
   1.2200000000000000        3.9216729665291350     
   1.2300000000000000        3.9117077718173925     
   1.2400000000000000        3.9017514062548915     
   1.2500000000000000        3.8918048654698918     
   1.2600000000000000        3.8818691441081827     
   1.2700000000000000        3.8719452357336204     
   1.2800000000000000        3.8620341327287728     
   1.2900000000000000        3.8521368261956814     
   1.3000000000000000        3.8422543058567520     
   1.3100000000000001        3.8323875599557815     
   1.3200000000000001        3.8225375751591395     
   1.3300000000000001        3.8127053364570966     
   1.3400000000000001        3.8028918270653302     
   1.3500000000000001        3.7930980283266003     
   1.3600000000000001        3.7833249196126197     
   1.3700000000000001        3.7735734782261168     
   1.3800000000000001        3.7638446793031028     
   1.3900000000000001        3.7541394957153629     
   1.4000000000000001        3.7444588979731686     
   1.4099999999999999        3.7348038541282267     
   1.4199999999999999        3.7251753296768761     
   1.4299999999999999        3.7155742874635380     
   1.4399999999999999        3.7060016875844326     
   1.4500000000000000        3.6964584872915704     
   1.4600000000000000        3.6869456408970298     
   1.4700000000000000        3.6774640996775214     
   1.4800000000000000        3.6680148117792659     
   1.4900000000000000        3.6585987221231790     
   1.5000000000000000        3.6492167723103801     
   1.5100000000000000        3.6398699005280317     
   1.5200000000000000        3.6305590414555229     
   1.5300000000000000        3.6212851261710020     
   1.5400000000000000        3.6120490820582698     
   1.5500000000000000        3.6028518327140402     
   1.5600000000000001        3.5936942978555830     
   1.5700000000000001        3.5845773932287539     
   1.5800000000000001        3.5755020305164176     
   1.5900000000000001        3.5664691172472822     
   1.6000000000000001        3.5574795567051476     
   1.6100000000000001        3.5485342478385764     
   1.6200000000000001        3.5396340851710018     
   1.6300000000000001        3.5307799587112729     
   1.6400000000000001        3.5219727538646572     
   1.6500000000000001        3.5132133513443002     
   1.6600000000000001        3.5045026270831552     
   1.6699999999999999        3.4958414521463883     
   1.6799999999999999        3.4872306926442764     
   1.6899999999999999        3.4786712096455936     
   1.7000000000000000        3.4701638590915067     
   1.7100000000000000        3.4617094917099824     
   1.7200000000000000        3.4533089529307133     
   1.7300000000000000        3.4449630828005762     
   1.7400000000000000        3.4366727158996300     
   1.7500000000000000        3.4284386812576564     
   1.7600000000000000        3.4202618022712574     
   1.7700000000000000        3.4121428966215173     
   1.7800000000000000        3.4040827761922356     
   1.7900000000000000        3.3960822469887395     
   1.8000000000000000        3.3881421090572812     
   1.8100000000000001        3.3802631564050367     
   1.8200000000000001        3.3724461769207066     
   1.8300000000000001        3.3646919522957246     
   1.8400000000000001        3.3570012579460911     
   1.8500000000000001        3.3493748629348326     
   1.8600000000000001        3.3418135298950946     
   1.8700000000000001        3.3343180149538809     
   1.8800000000000001        3.3268890676564382     
   1.8900000000000001        3.3195274308913061     
   1.9000000000000001        3.3122338408160257     
   1.9100000000000001        3.3050090267835279     
   1.9199999999999999        3.2978537112691946     
   1.9299999999999999        3.2907686097986142     
   1.9399999999999999        3.2837544308760296     
   1.9500000000000000        3.2768118759134879     
   1.9600000000000000        3.2699416391607006     
   1.9700000000000000        3.2631444076356169     
   1.9800000000000000        3.2564208610557253     
   1.9900000000000000        3.2497716717700809     
   2.0000000000000000        3.2431975046920716     
   2.0100000000000002        3.2366990172329269     
   2.0200000000000000        3.2302768592359761     
   2.0300000000000002        3.2239316729116676     
   2.0400000000000000        3.2176640927733473     
   2.0499999999999998        3.2114747455738049     
   2.0600000000000001        3.2053642502426025     
   2.0699999999999998        3.1993332178241825     
   2.0800000000000001        3.1933822514167596     
   2.0899999999999999        3.1875119461120156     
   2.1000000000000001        3.1817228889355897     
   2.1099999999999999        3.1760156587883746     
   2.1200000000000001        3.1703908263886289     
   2.1299999999999999        3.1648489542149063     
   2.1400000000000001        3.1593905964498052     
   2.1499999999999999        3.1540162989245535     
   2.1600000000000001        3.1487265990644255     
   2.1699999999999999        3.1435220258349990     
   2.1800000000000002        3.1384030996892593     
   2.1899999999999999        3.1333703325155562     
   2.2000000000000002        3.1284242275864118     
   2.2100000000000000        3.1235652795081985     
   2.2200000000000002        3.1187939741716741     
   2.2300000000000000        3.1141107887033974     
   2.2400000000000002        3.1095161914180114     
   2.2500000000000000        3.1050106417714165     
   2.2600000000000002        3.1005945903148224     
   2.2700000000000000        3.0962684786496948     
   2.2800000000000002        3.0920327393835945     
   2.2900000000000000        3.0878877960869198     
   2.3000000000000003        3.0838340632505448     
   2.3100000000000001        3.0798719462443760     
   2.3199999999999998        3.0760018412768120     
   2.3300000000000001        3.0722241353551247     
   2.3399999999999999        3.0685392062467574     
   2.3500000000000001        3.0649474224415512     
   2.3599999999999999        3.0614491431148925     
   2.3700000000000001        3.0580447180917991     
   2.3799999999999999        3.0547344878119365     
   2.3900000000000001        3.0515187832955739     
   2.3999999999999999        3.0483979261104839     
   2.4100000000000001        3.0453722283397835     
   2.4199999999999999        3.0424419925507289     
   2.4300000000000002        3.0396075117644568     
   2.4399999999999999        3.0368690694266833     
   2.4500000000000002        3.0342269393793613     
   2.4600000000000000        3.0316813858332927     
   2.4700000000000002        3.0292326633417117     
   2.4800000000000000        3.0268810167748263     
   2.4900000000000002        3.0246266812953335     
   2.5000000000000000        3.0224698823349030     
   2.5100000000000002        3.0204108355716333     
   2.5200000000000000        3.0184497469084848     
   2.5300000000000002        3.0165868124526893     
   2.5400000000000000        3.0148222184961404     
   2.5500000000000003        3.0131561414967631     
   2.5600000000000001        3.0115887480608694     
   2.5699999999999998        3.0101201949264960     
   2.5800000000000001        3.0087506289477330     
   2.5899999999999999        3.0074801870800369     
   2.6000000000000001        3.0063089963665357     
   2.6099999999999999        3.0052371739253245     
   2.6200000000000001        3.0042648269377548     
   2.6299999999999999        3.0033920526377145     
   2.6400000000000001        3.0026189383019064     
   2.6499999999999999        3.0019455612411203     
   2.6600000000000001        3.0013719887925010     
   2.6699999999999999        3.0008982783128153     
   2.6800000000000002        3.0005244771727160     
   2.6899999999999999        3.0002506227520058     
   2.7000000000000002        3.0000767424358994     
   2.7100000000000000        3.0000028536122820     
   2.7200000000000002        3.0000289636699753     
   2.7300000000000000        3.0001550699979957     
   2.7400000000000002        3.0003811599858148     
   2.7500000000000000        3.0007072110246220     
   2.7600000000000002        3.0011331905095857     
   2.7700000000000000        3.0016590558431124     
   2.7800000000000002        3.0022847544391067     
   2.7900000000000000        3.0030102237282303     
   2.8000000000000003        3.0038353911641593     
   2.8100000000000001        3.0047601742308374     
   2.8199999999999998        3.0057844804507288     
   2.8300000000000001        3.0069082073940647     
   2.8399999999999999        3.0081312426890872     
   2.8500000000000001        3.0094534640332866     
   2.8599999999999999        3.0108747392056303     
   2.8700000000000001        3.0123949260797849     
   2.8799999999999999        3.0140138726383299     
   2.8900000000000001        3.0157314169879585     
   2.8999999999999999        3.0175473873756675     
   2.9100000000000001        3.0194616022059311     
   2.9199999999999999        3.0214738700588617     
   2.9300000000000002        3.0235839897093504     
   2.9399999999999999        3.0257917501471905     
   2.9500000000000002        3.0280969305981791     
   2.9600000000000000        3.0304993005461913     
   2.9700000000000002        3.0329986197562340     
   2.9800000000000000        3.0355946382984698     
   2.9900000000000002        3.0382870965732067     
   3.0000000000000000        3.0410757253368614     
   3.0100000000000002        3.0439602457288819     
   3.0200000000000000        3.0469403692996324     
   3.0300000000000002        3.0500157980392393     
   3.0400000000000000        3.0531862244073911     
   3.0500000000000003        3.0564513313640935     
   3.0600000000000001        3.0598107924013718     
   3.0700000000000003        3.0632642715759211     
   3.0800000000000001        3.0668114235427026     
   3.0899999999999999        3.0704518935894747     
   3.1000000000000001        3.0741853176722675     
   3.1099999999999999        3.0780113224517835     
   3.1200000000000001        3.0819295253307333     
   3.1299999999999999        3.0859395344920930     
   3.1400000000000001        3.0900409489382898     
   3.1499999999999999        3.0942333585312953     
   3.1600000000000001        3.0985163440336452     
   3.1699999999999999        3.1028894771503577     
   3.1800000000000002        3.1073523205717652     
   3.1899999999999999        3.1119044280172452     
   3.2000000000000002        3.1165453442798468     
   3.2100000000000000        3.1212746052718101     
   3.2200000000000002        3.1260917380709783     
   3.2300000000000000        3.1309962609680841     
   3.2400000000000002        3.1359876835149256     
   3.2500000000000000        3.1410655065734079     
   3.2600000000000002        3.1462292223654567     
   3.2700000000000000        3.1514783145237955     
   3.2800000000000002        3.1568122581435833     
   3.2900000000000000        3.1622305198349023     
   3.3000000000000003        3.1677325577760991     
   3.3100000000000001        3.1733178217679643     
   3.3200000000000003        3.1789857532887531     
   3.3300000000000001        3.1847357855500364     
   3.3399999999999999        3.1905673435533806     
   3.3500000000000001        3.1964798441478441     
   3.3599999999999999        3.2024726960882952     
   3.3700000000000001        3.2085453000945341     
   3.3799999999999999        3.2146970489112192     
   3.3900000000000001        3.2209273273685977     
   3.3999999999999999        3.2272355124440129     
   3.4100000000000001        3.2336209733242156     
   3.4199999999999999        3.2400830714684390     
   3.4300000000000002        3.2466211606722535     
   3.4399999999999999        3.2532345871321873     
   3.4500000000000002        3.2599226895111055     
   3.4600000000000000        3.2666847990043433     
   3.4700000000000002        3.2735202394065874     
   3.4800000000000000        3.2804283271794925     
   3.4900000000000002        3.2874083715200384     
   3.5000000000000000        3.2944596744296080     
   3.5100000000000002        3.3015815307837864     
   3.5200000000000000        3.3087732284028730     
   3.5300000000000002        3.3160340481230994     
   3.5400000000000000        3.3233632638685431     
   3.5500000000000003        3.3307601427237388     
   3.5600000000000001        3.3382239450069631     
   3.5700000000000003        3.3457539243442085     
   3.5800000000000001        3.3533493277438167     
   3.5899999999999999        3.3610093956717764     
   3.6000000000000001        3.3687333621276783     
   3.6099999999999999        3.3765204547213141     
   3.6200000000000001        3.3843698947499137     
   3.6299999999999999        3.3922808972760143     
   3.6400000000000001        3.4002526712059571     
   3.6499999999999999        3.4082844193689907     
   3.6600000000000001        3.4163753385969926     
   3.6699999999999999        3.4245246198047830     
   3.6800000000000002        3.4327314480710314     
   3.6899999999999999        3.4409950027197507     
   3.7000000000000002        3.4493144574023624     
   3.7100000000000000        3.4576889801803303     
   3.7200000000000002        3.4661177336083564     
   3.7300000000000000        3.4745998748181206     
   3.7400000000000002        3.4831345556025712     
   3.7500000000000000        3.4917209225007415     
   3.7600000000000002        3.5003581168830977     
   3.7700000000000000        3.5090452750373982     
   3.7800000000000002        3.5177815282550684     
   3.7900000000000000        3.5265660029180648     
   3.8000000000000003        3.5353978205862435     
   3.8100000000000001        3.5442760980851951     
   3.8200000000000003        3.5531999475945701     
   3.8300000000000001        3.5621684767368533     
   3.8399999999999999        3.5711807886666040     
   3.8500000000000001        3.5802359821601404     
   3.8599999999999999        3.5893331517056586     
   3.8700000000000001        3.5984713875937855     
   3.8799999999999999        3.6076497760085462     
   3.8900000000000001        3.6168673991187497     
   3.8999999999999999        3.6261233351697642     
   3.9100000000000001        3.6354166585756986     
   3.9199999999999999        3.6447464400119571     
   3.9300000000000002        3.6541117465081712     
   3.9399999999999999        3.6635116415414948     
   3.9500000000000002        3.6729451851302595     
   3.9600000000000000        3.6824114339279652     
   3.9700000000000002        3.6919094413176228     
   3.9800000000000000        3.7014382575064064     
   3.9900000000000002        3.7109969296206389     
   4.0000000000000000        3.7205845018010741     
   4.0099999999999998        3.7302000152984838     
   4.0200000000000005        3.7398425085695317     
   4.0300000000000002        3.7495110173729249     
   4.0400000000000000        3.7592045748658407     
   4.0499999999999998        3.7689222117006076     
   4.0600000000000005        3.7786629561216412     
   4.0700000000000003        3.7884258340626151     
   4.0800000000000001        3.7982098692438711     
   4.0899999999999999        3.8080140832700451     
   4.0999999999999996        3.8178374957279040     
   4.1100000000000003        3.8276791242843897     
   4.1200000000000001        3.8375379847848459     
   4.1299999999999999        3.8474130913514388     
   4.1399999999999997        3.8573034564817412     
   4.1500000000000004        3.8672080911474831     
   4.1600000000000001        3.8771260048934502     
   4.1699999999999999        3.8870562059365326     
   4.1799999999999997        3.8969977012649020     
   4.1900000000000004        3.9069494967373113     
   4.2000000000000002        3.9169105971825036     
   4.2100000000000000        3.9268800064987368     
   4.2199999999999998        3.9368567277533870     
   4.2300000000000004        3.9468397632826440     
   4.2400000000000002        3.9568281147912714     
   4.2500000000000000        3.9668207834524432     
   4.2599999999999998        3.9768167700076207     
   4.2700000000000005        3.9868150748664788     
   4.2800000000000002        3.9968146982068622     
   4.2900000000000000        4.0068146400747704     
   4.2999999999999998        4.0168139004843493     
   4.3100000000000005        4.0268114795178933     
   4.3200000000000003        4.0368063774258269     
   4.3300000000000001        4.0467975947266899     
   4.3399999999999999        4.0567841323070777     
   4.3500000000000005        4.0667649915215565     
   4.3600000000000003        4.0767391742925190     
   4.3700000000000001        4.0867056832100017     
   4.3799999999999999        4.0966635216314176     
   4.3899999999999997        4.1066116937812227     
   4.4000000000000004        4.1165492048504939     
   4.4100000000000001        4.1264750610964027     
   4.4199999999999999        4.1363882699415973     
   4.4299999999999997        4.1462878400734553     
   4.4400000000000004        4.1561727815432121     
   4.4500000000000002        4.1660421058649568     
   4.4600000000000000        4.1758948261144839     
   4.4699999999999998        4.1857299570279780     
   4.4800000000000004        4.1955465151005447     
   4.4900000000000002        4.2053435186845549     
   4.5000000000000000        4.2151199880878156     
   4.5099999999999998        4.2248749456715338     
   4.5200000000000005        4.2346074159480809     
   4.5300000000000002        4.2443164256785373     
   4.5400000000000000        4.2540010039700231     
   4.5499999999999998        4.2636601823727780     
   4.5600000000000005        4.2732929949770133     
   4.5700000000000003        4.2828984785094928     
   4.5800000000000001        4.2924756724298696     
   4.5899999999999999        4.3020236190267322     
   4.6000000000000005        4.3115413635133786     
   4.6100000000000003        4.3210279541232897     
   4.6200000000000001        4.3304824422053105     
   4.6299999999999999        4.3399038823185130     
   4.6399999999999997        4.3492913323267350     
   4.6500000000000004        4.3586438534928007     
   4.6600000000000001        4.3679605105723844     
   4.6699999999999999        4.3772403719075443     
   4.6799999999999997        4.3864825095198796     
   4.6900000000000004        4.3956859992033310     
   4.7000000000000002        4.4048499206165985     
   4.7100000000000000        4.4139733573751778     
   4.7199999999999998        4.4230553971429964     
   4.7300000000000004        4.4320951317236474     
   4.7400000000000002        4.4410916571512020     
   4.7500000000000000        4.4500440737806173     
   4.7599999999999998        4.4589514863776900     
   4.7700000000000005        4.4678130042085842     
   4.7800000000000002        4.4766277411288993     
   4.7900000000000000        4.4853948156722900     
   4.7999999999999998        4.4941133511386084     
   4.8100000000000005        4.5027824756815731     
   4.8200000000000003        4.5114013223959528     
   4.8300000000000001        4.5199690294042583     
   4.8399999999999999        4.5284847399429307     
   4.8500000000000005        4.5369476024480120     
   4.8600000000000003        4.5453567706403017     
   4.8700000000000001        4.5537114036099906     
   4.8799999999999999        4.5620106659007433     
   4.8899999999999997        4.5702537275932462     
   4.9000000000000004        4.5784397643882002     
   4.9100000000000001        4.5865679576887466     
   4.9199999999999999        4.5946374946823285     
   4.9299999999999997        4.6026475684219719     
   4.9400000000000004        4.6105973779069789     
   4.9500000000000002        4.6184861281630241     
   4.9600000000000000        4.6263130303216560     
   4.9699999999999998        4.6340773016991816     
   4.9800000000000004        4.6417781658749337     
   4.9900000000000002        4.6494148527689116     
   5.0000000000000000        4.6569865987187891     
   5.0099999999999998        4.6644926465562824     
   5.0200000000000005        4.6719322456828625     
   5.0300000000000002        4.6793046521448147     
   5.0400000000000000        4.6866091287076381     
   5.0499999999999998        4.6938449449297632     
   5.0600000000000005        4.7010113772355986     
   5.0700000000000003        4.7081077089878836     
   5.0800000000000001        4.7151332305593581     
   5.0899999999999999        4.7220872394037183     
   5.1000000000000005        4.7289690401258762     
   5.1100000000000003        4.7357779445514936     
   5.1200000000000001        4.7425132717958016     
   5.1299999999999999        4.7491743483316897     
   5.1399999999999997        4.7557605080570537     
   5.1500000000000004        4.7622710923614111     
   5.1600000000000001        4.7687054501917556     
   5.1699999999999999        4.7750629381176672     
   5.1799999999999997        4.7813429203956499     
   5.1900000000000004        4.7875447690327109     
   5.2000000000000002        4.7936678638491532     
   5.2100000000000000        4.7997115925405982     
   5.2199999999999998        4.8056753507392136     
   5.2300000000000004        4.8115585420741489     
   5.2400000000000002        4.8173605782311730     
   5.2500000000000000        4.8230808790115054     
   5.2599999999999998        4.8287188723898353     
   5.2700000000000005        4.8342739945715234     
   5.2800000000000002        4.8397456900489804     
   5.2900000000000000        4.8451334116572173     
   5.2999999999999998        4.8504366206285647     
   5.3100000000000005        4.8556547866465438     
   5.3200000000000003        4.8607873878989016     
   5.3300000000000001        4.8658339111297897     
   5.3399999999999999        4.8707938516910909     
   5.3500000000000005        4.8756667135928824     
   5.3600000000000003        4.8804520095530339     
   5.3700000000000001        4.8851492610459379     
   5.3799999999999999        4.8897579983503601     
   5.3899999999999997        4.8942777605964087     
   5.4000000000000004        4.8987080958116271     
   5.4100000000000001        4.9030485609661847     
   5.4199999999999999        4.9072987220171838     
   5.4299999999999997        4.9114581539520614     
   5.4400000000000004        4.9155264408310897     
   5.4500000000000002        4.9195031758289707     
   5.4600000000000000        4.9233879612755187     
   5.4699999999999998        4.9271804086954267     
   5.4800000000000004        4.9308801388471135     
   5.4900000000000002        4.9344867817606461     
   5.5000000000000000        4.9379999767747389     
   5.5099999999999998        4.9414193725728186     
   5.5200000000000005        4.9447446272181539     
   5.5300000000000002        4.9479754081880527     
   5.5400000000000000        4.9511113924071086     
   5.5499999999999998        4.9541522662795145     
   5.5600000000000005        4.9570977257204172     
   5.5700000000000003        4.9599474761863265     
   5.5800000000000001        4.9627012327045703     
   5.5899999999999999        4.9653587199017917     
   5.6000000000000005        4.9679196720314867     
   5.6100000000000003        4.9703838330005752     
   5.6200000000000001        4.9727509563950134     
   5.6299999999999999        4.9750208055044363     
   5.6399999999999997        4.9771931533458229     
   5.6500000000000004        4.9792677826862004     
   5.6600000000000001        4.9812444860643623     
   5.6699999999999999        4.9831230658116183     
   5.6799999999999997        4.9849033340715607     
   5.6900000000000004        4.9865851128188456     
   5.7000000000000002        4.9881682338770004     
   5.7100000000000000        4.9896525389352382     
   5.7199999999999998        4.9910378795642902     
   5.7300000000000004        4.9923241172312478     
   5.7400000000000002        4.9935111233134162     
   5.7500000000000000        4.9945987791111763     
   5.7599999999999998        4.9955869758598546     
   5.7700000000000005        4.9964756147406009     
   5.7800000000000002        4.9972646068902655     
   5.7900000000000000        4.9979538734102933     
   5.7999999999999998        4.9985433453746051     
   5.8100000000000005        4.9990329638364956     
   5.8200000000000003        4.9994226798345283     
   5.8300000000000001        4.9997124543974261     
   5.8399999999999999        4.9999022585479755     
   5.8500000000000005        4.9999920733059184     
   5.8600000000000003        4.9999818896898560     
   5.8700000000000001        4.9998717087181390     
   5.8799999999999999        4.9996615414087744     
   5.8899999999999997        4.9993514087783169     
   5.9000000000000004        4.9989413418397719     
   5.9100000000000001        4.9984313815994916     
   5.9199999999999999        4.9978215790530740     
   5.9299999999999997        4.9971119951802674     
   5.9400000000000004        4.9963027009388661     
   5.9500000000000002        4.9953937772576200     
   5.9600000000000000        4.9943853150281408     
   5.9699999999999998        4.9932774150958101     
   5.9800000000000004        4.9920701882496976     
   5.9900000000000002        4.9907637552114839     
   6.0000000000000000        4.9893582466233815     
   6.0099999999999998        4.9878538030350796     
   6.0200000000000005        4.9862505748896835     
   6.0300000000000002        4.9845487225086709     
   6.0400000000000000        4.9827484160758626     
   6.0499999999999998        4.9808498356203996     
   6.0600000000000005        4.9788531709987476     
   6.0700000000000003        4.9767586218757032     
   6.0800000000000001        4.9745663977044350     
   6.0899999999999999        4.9722767177055323     
   6.1000000000000005        4.9698898108450855     
   6.1100000000000003        4.9674059158117947     
   6.1200000000000001        4.9648252809930913     
   6.1299999999999999        4.9621481644503067     
   6.1400000000000006        4.9593748338928645     
   6.1500000000000004        4.9565055666515088     
   6.1600000000000001        4.9535406496505745     
   6.1699999999999999        4.9504803793792886     
   6.1799999999999997        4.9473250618621298     
   6.1900000000000004        4.9440750126282191     
   6.2000000000000002        4.9407305566797728     
   6.2100000000000000        4.9372920284595976     
   6.2199999999999998        4.9337597718176518     
   6.2300000000000004        4.9301341399766523     
   6.2400000000000002        4.9264154954967658     
   6.2500000000000000        4.9226042102393404     
   6.2599999999999998        4.9187006653297249     
   6.2700000000000005        4.9147052511191571     
   6.2800000000000002        4.9106183671457293     
   6.2900000000000000        4.9064404220944349     
   6.2999999999999998        4.9021718337562934     
   6.3100000000000005        4.8978130289865849     
   6.3200000000000003        4.8933644436621524     
   6.3300000000000001        4.8888265226378209     
   6.3399999999999999        4.8841997197019129     
   6.3500000000000005        4.8794844975308642     
   6.3600000000000003        4.8746813276429650     
   6.3700000000000001        4.8697906903511994     
   6.3799999999999999        4.8648130747152223     
   6.3900000000000006        4.8597489784924486     
   6.4000000000000004        4.8545989080882803     
   6.4100000000000001        4.8493633785054673     
   6.4199999999999999        4.8440429132926042     
   6.4299999999999997        4.8386380444917787     
   6.4400000000000004        4.8331493125853653     
   6.4500000000000002        4.8275772664419838     
   6.4600000000000000        4.8219224632616022     
   6.4699999999999998        4.8161854685198291     
   6.4800000000000004        4.8103668559113544     
   6.4900000000000002        4.8044672072925936     
   6.5000000000000000        4.7984871126234907     
   6.5099999999999998        4.7924271699085281     
   6.5200000000000005        4.7862879851369291     
   6.5300000000000002        4.7800701722220529     
   6.5400000000000000        4.7737743529400136     
   6.5499999999999998        4.7674011568674874     
   6.5600000000000005        4.7609512213187744     
   6.5700000000000003        4.7544251912820537     
   6.5800000000000001        4.7478237193548898     
   6.5899999999999999        4.7411474656789752     
   6.6000000000000005        4.7343970978741119     
   6.6100000000000003        4.7275732909714598     
   6.6200000000000001        4.7206767273460173     
   6.6299999999999999        4.7137080966484035     
   6.6400000000000006        4.7066680957358784     
   6.6500000000000004        4.6995574286026685     
   6.6600000000000001        4.6923768063095608     
   6.6699999999999999        4.6851269469128010     
   6.6799999999999997        4.6778085753922864     
   6.6900000000000004        4.6704224235790708     
   6.7000000000000002        4.6629692300821830     
   6.7100000000000000        4.6554497402147570     
   6.7199999999999998        4.6478647059195186     
   6.7300000000000004        4.6402148856935712     
   6.7400000000000002        4.6325010445125665     
   6.7500000000000000        4.6247239537541924     
   6.7599999999999998        4.6168843911210447     
   6.7700000000000005        4.6089831405628532     
   6.7800000000000002        4.6010209921980891     
   6.7900000000000000        4.5929987422349567     
   6.7999999999999998        4.5849171928917620     
   6.8100000000000005        4.5767771523167085     
   6.8200000000000003        4.5685794345070700     
   6.8300000000000001        4.5603248592277943     
   6.8399999999999999        4.5520142519295330     
   6.8500000000000005        4.5436484436660871     
   6.8600000000000003        4.5352282710113165     
   6.8700000000000001        4.5267545759754633     
   6.8799999999999999        4.5182282059209768     
   6.8900000000000006        4.5096500134777502     
   6.9000000000000004        4.5010208564578846     
   6.9100000000000001        4.4923415977698893     
   6.9199999999999999        4.4836131053323998     
   6.9299999999999997        4.4748362519873872     
   6.9400000000000004        4.4660119154128699     
   6.9500000000000002        4.4571409780351559     
   6.9600000000000000        4.4482243269405846     
   6.9699999999999998        4.4392628537868424     
   6.9800000000000004        4.4302574547137690     
   6.9900000000000002        4.4212090302537721     
   7.0000000000000000        4.4121184852417565     
   7.0099999999999998        4.4029867287246480     
   7.0200000000000005        4.3938146738704873     
   7.0300000000000002        4.3846032378771165     
   7.0400000000000000        4.3753533418804631     
   7.0499999999999998        4.3660659108624111     
   7.0600000000000005        4.3567418735583283     
   7.0700000000000003        4.3473821623641742     
   7.0800000000000001        4.3379877132432672     
   7.0899999999999999        4.3285594656326918     
   7.1000000000000005        4.3190983623493509     
   7.1100000000000003        4.3096053494956914     
   7.1200000000000001        4.3000813763650836     
   7.1299999999999999        4.2905273953469090     
   7.1400000000000006        4.2809443618313017     
   7.1500000000000004        4.2713332341136327     
   7.1600000000000001        4.2616949732986624     
   7.1699999999999999        4.2520305432044410     
   7.1799999999999997        4.2423409102659235     
   7.1900000000000004        4.2326270434383284     
   7.2000000000000002        4.2228899141002474     
   7.2100000000000000        4.2131304959564941     
   7.2199999999999998        4.2033497649407572     
   7.2300000000000004        4.1935486991179802     
   7.2400000000000002        4.1837282785865826     
   7.2500000000000000        4.1738894853804336     
   7.2599999999999998        4.1640333033706538     
   7.2700000000000005        4.1541607181672306     
   7.2800000000000002        4.1442727170204554     
   7.2900000000000000        4.1343702887222094     
   7.2999999999999998        4.1244544235070615     
   7.3100000000000005        4.1145261129532766     
   7.3200000000000003        4.1045863498836352     
   7.3300000000000001        4.0946361282661599     
   7.3399999999999999        4.0846764431147218     
   7.3500000000000005        4.0747082903895331     
   7.3600000000000003        4.0647326668975658     
   7.3700000000000001        4.0547505701928488     
   7.3799999999999999        4.0447629984767417     
   7.3900000000000006        4.0347709504980864     
   7.4000000000000004        4.0247754254533579     
   7.4100000000000001        4.0147774228867306     
   7.4199999999999999        4.0047779425901284     
   7.4299999999999997        3.9947779845032492     
   7.4400000000000004        3.9847785486135665     
   7.4500000000000002        3.9747806348563413     
   7.4600000000000000        3.9647852430146107     
   7.4699999999999998        3.9547933726192368     
   7.4800000000000004        3.9448060228489257     
   7.4900000000000002        3.9348241924303360     
   7.5000000000000000        3.9248488795381906     
   7.5099999999999998        3.9148810816954658     
   7.5200000000000005        3.9049217956736388     
   7.5300000000000002        3.8949720173930116     
   7.5400000000000000        3.8850327418231254     
   7.5499999999999998        3.8751049628832477     
   7.5600000000000005        3.8651896733430045     
   7.5700000000000003        3.8552878647230853     
   7.5800000000000001        3.8454005271961011     
   7.5899999999999999        3.8355286494875647     
   7.6000000000000005        3.8256732187770188     
   7.6100000000000003        3.8158352205993267     
   7.6200000000000001        3.8060156387461008     
   7.6299999999999999        3.7962154551673510     
   7.6400000000000006        3.7864356498732614     
   7.6500000000000004        3.7766772008362159     
   7.6600000000000001        3.7669410838929855     
   7.6699999999999999        3.7572282726471506     
   7.6799999999999997        3.7475397383717421     
   7.6900000000000004        3.7378764499121115     
   7.7000000000000002        3.7282393735890578     
   7.7100000000000000        3.7186294731021752     
   7.7199999999999998        3.7090477094335110     
   7.7300000000000004        3.6994950407514406     
   7.7400000000000002        3.6899724223148769     
   7.7500000000000000        3.6804808063777266     
   7.7599999999999998        3.6710211420936729     
   7.7700000000000005        3.6615943754212621     
   7.7800000000000002        3.6522014490293033     
   7.7900000000000000        3.6428433022026141     
   7.7999999999999998        3.6335208707480717     
   7.8100000000000005        3.6242350869010576     
   7.8200000000000003        3.6149868792322173     
   7.8300000000000001        3.6057771725546104     
   7.8399999999999999        3.5966068878312303     
   7.8500000000000005        3.5874769420829056     
   7.8600000000000003        3.5783882482966076     
   7.8700000000000001        3.5693417153341351     
   7.8799999999999999        3.5603382478412513     
   7.8900000000000006        3.5513787461571971     
   7.9000000000000004        3.5424641062246787     
   7.9100000000000001        3.5335952195002589     
   7.9199999999999999        3.5247729728652200     
   7.9300000000000006        3.5159982485368735     
   7.9400000000000004        3.5072719239803383     
   7.9500000000000002        3.4985948718208029     
   7.9600000000000000        3.4899679597562456     
   7.9699999999999998        3.4813920504706908     
   7.9800000000000004        3.4728680015479139     
   7.9900000000000002        3.4643966653857086     
   8.0000000000000000        3.4559788891106304     
   8.0099999999999998        3.4476155144932914     
   8.0199999999999996        3.4393073778641838     
   8.0299999999999994        3.4310553100300480     
   8.0400000000000009        3.4228601361907889     
   8.0500000000000007        3.4147226758569635     
   8.0600000000000005        3.4066437427678231     
   8.0700000000000003        3.3986241448099443     
   8.0800000000000001        3.3906646839364392     
   8.0899999999999999        3.3827661560867628     
   8.0999999999999996        3.3749293511071179     
   8.1099999999999994        3.3671550526714720     
   8.1200000000000010        3.3594440382031880     
   8.1300000000000008        3.3517970787972908     
   8.1400000000000006        3.3442149391433462     
   8.1500000000000004        3.3366983774490020     
   8.1600000000000001        3.3292481453641631     
   8.1699999999999999        3.3218649879058297     
   8.1799999999999997        3.3145496433835953     
   8.1899999999999995        3.3073028433258154     
   8.1999999999999993        3.3001253124064576     
   8.2100000000000009        3.2930177683726307     
   8.2200000000000006        3.2859809219728184     
   8.2300000000000004        3.2790154768857942     
   8.2400000000000002        3.2721221296502634     
   8.2500000000000000        3.2653015695952048     
   8.2599999999999998        3.2585544787709395     
   8.2699999999999996        3.2518815318809282     
   8.2799999999999994        3.2452833962142988     
   8.2900000000000009        3.2387607315791187     
   8.3000000000000007        3.2323141902364174     
   8.3100000000000005        3.2259444168349569     
   8.3200000000000003        3.2196520483467683     
   8.3300000000000001        3.2134377140034576     
   8.3399999999999999        3.2073020352332797     
   8.3499999999999996        3.2012456255989994     
   8.3599999999999994        3.1952690907365326     
   8.3700000000000010        3.1893730282943844     
   8.3800000000000008        3.1835580278738878     
   8.3900000000000006        3.1778246709702374     
   8.4000000000000004        3.1721735309143462     
   8.4100000000000001        3.1666051728155109     
   8.4199999999999999        3.1611201535048998     
   8.4299999999999997        3.1557190214798747     
   8.4399999999999995        3.1504023168491364     
   8.4499999999999993        3.1451705712787170     
   8.4600000000000009        3.1400243079388139     
   8.4700000000000006        3.1349640414514734     
   8.4800000000000004        3.1299902778391271     
   8.4900000000000002        3.1251035144739912     
   8.5000000000000000        3.1203042400283301     
   8.5099999999999998        3.1155929344255884     
   8.5199999999999996        3.1109700687924007     
   8.5299999999999994        3.1064361054114782     
   8.5400000000000009        3.1019914976753795     
   8.5500000000000007        3.0976366900411763     
   8.5600000000000005        3.0933721179860019     
   8.5700000000000003        3.0891982079635083     
   8.5800000000000001        3.0851153773612197     
   8.5899999999999999        3.0811240344587931     
   8.5999999999999996        3.0772245783871934     
   8.6099999999999994        3.0734173990887781     
   8.6200000000000010        3.0697028772783037     
   8.6300000000000008        3.0660813844048569     
   8.6400000000000006        3.0625532826147066     
   8.6500000000000004        3.0591189247150923     
   8.6600000000000001        3.0557786541389413     
   8.6699999999999999        3.0525328049105278     
   8.6799999999999997        3.0493817016120701     
   8.6899999999999995        3.0463256593512718     
   8.7000000000000011        3.0433649837298118     
   8.7100000000000009        3.0404999708127862     
   8.7200000000000006        3.0377309070990983     
   8.7300000000000004        3.0350580694928126     
   8.7400000000000002        3.0324817252754621     
   8.7500000000000000        3.0300021320793213     
   8.7599999999999998        3.0276195378616442     
   8.7699999999999996        3.0253341808798662     
   8.7799999999999994        3.0231462896677810     
   8.7900000000000009        3.0210560830126871     
   8.8000000000000007        3.0190637699335086     
   8.8100000000000005        3.0171695496598923     
   8.8200000000000003        3.0153736116122873     
   8.8300000000000001        3.0136761353830019     
   8.8399999999999999        3.0120772907182447     
   8.8499999999999996        3.0105772375011490     
   8.8599999999999994        3.0091761257357872     
   8.8700000000000010        3.0078740955321677     
   8.8800000000000008        3.0066712770922264     
   8.8900000000000006        3.0055677906968046     
   8.9000000000000004        3.0045637466936226     
   8.9100000000000001        3.0036592454862436     
   8.9199999999999999        3.0028543775240348     
   8.9299999999999997        3.0021492232931219     
   8.9399999999999995        3.0015438533083398     
   8.9500000000000011        3.0010383281061830     
   8.9600000000000009        3.0006326982387503     
   8.9700000000000006        3.0003270042686907     
   8.9800000000000004        3.0001212767651460     
   8.9900000000000002        3.0000155363006948     
   9.0000000000000000        3.0000097934492964     
   9.0099999999999998        3.0001040487852308     
   9.0199999999999996        3.0002982928830426     
   9.0299999999999994        3.0005925063184842     
   9.0400000000000009        3.0009866596704571     
   9.0500000000000007        3.0014807135239545     
   9.0600000000000005        3.0020746184740030     
   9.0700000000000003        3.0027683151306022     
   9.0800000000000001        3.0035617341246650     
   9.0899999999999999        3.0044547961149526     
   9.0999999999999996        3.0054474117960108     
   9.1099999999999994        3.0065394819070983     
   9.1200000000000010        3.0077308972421140     
   9.1300000000000008        3.0090215386605172     
   9.1400000000000006        3.0104112770992417     
   9.1500000000000004        3.0118999735856020     
   9.1600000000000001        3.0134874792511894     
   9.1699999999999999        3.0151736353467609     
   9.1799999999999997        3.0169582732581119     
   9.1899999999999995        3.0188412145229382     
   9.2000000000000011        3.0208222708486829     
   9.2100000000000009        3.0229012441313641     
   9.2200000000000006        3.0250779264753853     
   9.2300000000000004        3.0273521002143271     
   9.2400000000000002        3.0297235379327097     
   9.2500000000000000        3.0321920024887383     
   9.2599999999999998        3.0347572470380144     
   9.2699999999999996        3.0374190150582203     
   9.2799999999999994        3.0401770403747719     
   9.2900000000000009        3.0430310471874367     
   9.3000000000000007        3.0459807500979110     
   9.3100000000000005        3.0490258541383621     
   9.3200000000000003        3.0521660548009235     
   9.3300000000000001        3.0554010380681458     
   9.3399999999999999        3.0587304804443982     
   9.3499999999999996        3.0621540489882175     
   9.3599999999999994        3.0656714013456021     
   9.3700000000000010        3.0692821857842483     
   9.3800000000000008        3.0729860412287202     
   9.3900000000000006        3.0767825972965595     
   9.4000000000000004        3.0806714743353245     
   9.4100000000000001        3.0846522834605512     
   9.4199999999999999        3.0887246265946442     
   9.4299999999999997        3.0928880965066847     
   9.4399999999999995        3.0971422768531500     
   9.4500000000000011        3.1014867422195520     
   9.4600000000000009        3.1059210581629730     
   9.4700000000000006        3.1104447812555143     
   9.4800000000000004        3.1150574591286362     
   9.4900000000000002        3.1197586305183957     
   9.5000000000000000        3.1245478253115717     
   9.5099999999999998        3.1294245645926750     
   9.5199999999999996        3.1343883606918421     
   9.5299999999999994        3.1394387172335994     
   9.5400000000000009        3.1445751291865021     
   9.5500000000000007        3.1497970829136337     
   9.5600000000000005        3.1551040562239741     
   9.5700000000000003        3.1604955184246140     
   9.5800000000000001        3.1659709303738270     
   9.5899999999999999        3.1715297445349808     
   9.5999999999999996        3.1771714050312911     
   9.6099999999999994        3.1828953477014101     
   9.6200000000000010        3.1887010001558425     
   9.6300000000000008        3.1945877818341772     
   9.6400000000000006        3.2005551040631541     
   9.6500000000000004        3.2066023701155228     
   9.6600000000000001        3.2127289752697177     
   9.6699999999999999        3.2189343068703282     
   9.6799999999999997        3.2252177443893664     
   9.6899999999999995        3.2315786594883154     
   9.7000000000000011        3.2380164160809679     
   9.7100000000000009        3.2445303703970270     
   9.7200000000000006        3.2511198710464901     
   9.7300000000000004        3.2577842590847843     
   9.7400000000000002        3.2645228680786591     
   9.7500000000000000        3.2713350241728301     
   9.7599999999999998        3.2782200461573652     
   9.7699999999999996        3.2851772455358028     
   9.7799999999999994        3.2922059265940038     
   9.7900000000000009        3.2993053864697197     
   9.8000000000000007        3.3064749152228776     
   9.8100000000000005        3.3137137959065774     
   9.8200000000000003        3.3210213046387835     
   9.8300000000000001        3.3283967106747117     
   9.8399999999999999        3.3358392764799047     
   9.8499999999999996        3.3433482578039846     
   9.8599999999999994        3.3509229037550763     
   9.8700000000000010        3.3585624568748980     
   9.8800000000000008        3.3662661532145011     
   9.8900000000000006        3.3740332224106728     
   9.9000000000000004        3.3818628877629666     
   9.9100000000000001        3.3897543663113714     
   9.9199999999999999        3.3977068689146090     
   9.9299999999999997        3.4057196003290455     
   9.9399999999999995        3.4137917592882170     
   9.9500000000000011        3.4219225385829564     
   9.9600000000000009        3.4301111251421061     
   9.9700000000000006        3.4383567001138360     
   9.9800000000000004        3.4466584389475194     
   9.9900000000000002        3.4550155114761925     
   10.000000000000000        3.4634270819995652     
